86 86 86 86 86 86 86 86 86 86 86 86 86 86 86 86 86 86 86 86 86 86 86 86 86 86 86 86 86 86 86 86 86 86 86 86 86 86 86 86 86 86 86 86 86 86 86 86 86 86 86 86 86 86 86 86 86 86 86 86 86 86 86 86 86 86 86 86 86 86 86 86 86 86 86 86 86 86 86 86 86 86 86 86 86 86 86 86 86 86 86 86 86 86 86 86 86 86 86 86
86 86 86 86 86 86 86 86 86 86 86 86 86 86 86 86 86 86 86 86 86 86 86 86 86 86 86 86 86 86 86 86 86 86 86 86 86 86 86 86 86 86 86 86 86 86 86 86 86 86 86 86 86 86 86 86 86 86 86 86 86 86 86 86 86 86 86 86 86 86 86 86 86 86 86 86 86 86 86 86 86 86 86 86 86 86 86 86 86 86 86 86 86 86 86 86 86 86 86 86
86 86 86 86 86 86 86 86 86 86 86 86 86 86 86 86 86 86 86 86 86 86 86 86 86 86 86 86 86 86 86 86 86 86 86 86 86 86 86 86 86 86 86 86 86 86 86 86 86 86 86 86 86 86 86 86 86 86 86 86 86 86 86 86 86 86 86 86 86 86 86 86 86 86 86 86 86 86 86 86 86 86 86 86 86 86 86 86 86 86 86 86 86 86 86 86 86 86 86 86
86 86 86 86 86 86 86 86 86 86 86 86 86 86 86 86 86 86 86 86 86 86 86 86 86 86 86 86 86 86 86 86 86 86 86 86 86 86 86 86 86 86 86 86 86 86 86 86 86 86 86 86 86 86 86 86 86 86 86 86 86 86 86 86 86 86 86 86 86 86 86 86 86 86 86 86 86 86 86 86 86 86 86 86 86 86 86 86 86 86 86 86 86 86 86 86 86 86 86 86
86 86 86 86 86 86 86 86 86 86 86 86 86 86 86 86 86 86 86 86 86 86 86 86 86 86 86 86 86 86 86 86 86 86 86 86 86 86 86 86 86 86 86 86 86 86 86 86 86 86 86 86 86 86 86 86 86 86 86 86 86 86 86 86 86 86 86 86 86 86 86 86 86 86 86 86 86 86 86 86 86 86 86 86 86 86 86 86 86 86 86 86 86 86 86 86 86 86 86 86
86 86 86 86 86 86 86 86 86 86 86 86 86 86 86 86 86 86 86 86 86 86 86 86 86 86 86 86 86 86 86 86 86 86 86 86 86 86 86 86 86 86 86 86 86 86 86 86 86 86 86 86 86 86 86 86 86 86 86 86 86 86 86 86 86 86 86 86 86 86 86 86 86 86 86 86 86 86 86 86 86 86 86 86 86 86 86 86 86 86 86 86 86 86 86 86 86 86 86 86
86 86 86 86 86 86 86 86 86 86 86 90 90 90 90 90 90 90 90 90 90 90 90 90 90 90 90 90 90 90 90 90 90 90 90 90 90 90 90 90 90 90 90 90 90 93 94 95 95 95 95 95 95 95 95 95 95 95 95 95 95 95 95 95 95 95 95 95 95 95 95 95 95 95 95 95 95 95 95 95 95 95 95 95 95 95 95 95 95 92 90 90 86 86 86 86 86 86 86 86
86 86 86 86 86 86 86 86 86 86 86 90 90 90 90 90 90 90 90 90 90 90 90 90 90 93 94 95 95 95 95 95 95 95 95 95 95 95 95 92 90 90 90 90 90 91 85 85 85 85 85 85 85 85 85 85 85 85 85 85 85 85 85 85 85 85 85 85 85 85 85 85 85 85 85 85 85 85 85 85 85 85 85 85 85 85 85 85 85 92 90 90 86 86 86 86 86 86 86 86
86 86 86 86 86 86 86 86 86 86 86 90 90 90 90 90 90 90 90 90 90 90 90 90 90 91 98 98 98 98 98 98 98 98 98 98 98 98 98 92 90 90 90 90 90 91 85 87 87 87 87 87 87 87 87 87 87 87 87 87 87 87 87 87 87 87 87 87 87 87 87 87 87 87 87 87 87 87 87 87 87 87 87 87 87 87 87 85 85 92 90 90 86 86 86 86 86 86 86 86
86 86 86 86 86 86 86 86 86 86 86 90 90 90 90 90 90 90 90 90 90 90 90 90 90 91 89 88 88 85 85 85 85 85 85 85 85 85 85 92 90 90 90 90 90 91 85 92 90 90 90 90 90 90 90 90 90 90 90 90 90 90 90 90 90 90 90 90 90 90 90 90 90 90 90 90 90 90 90 90 90 90 90 90 90 90 91 85 85 92 90 90 86 86 86 86 86 86 86 86
86 86 86 86 86 86 86 86 86 86 86 90 90 90 90 93 94 95 95 95 95 95 95 95 95 95 85 85 85 85 85 85 85 85 85 85 85 85 85 95 95 95 95 95 95 95 85 92 90 90 90 90 93 94 95 95 95 95 95 95 95 95 95 95 95 95 95 95 95 95 95 95 95 95 95 95 95 95 95 95 95 95 95 95 95 95 95 85 85 92 90 90 86 86 86 86 86 86 86 86
86 86 86 86 86 86 86 86 86 86 86 90 90 90 90 91 85 85 85 85 85 85 85 85 85 85 85 85 85 85 85 85 85 85 85 85 85 85 85 85 85 85 85 85 85 85 85 92 90 90 90 90 91 104 105 85 85 85 85 85 85 108 85 85 85 85 85 85 85 85 85 85 85 85 85 85 85 85 85 85 85 85 85 85 85 85 85 85 85 92 90 90 86 86 86 86 86 86 86 86
86 86 86 86 86 86 86 86 86 86 86 90 90 90 90 91 85 87 87 87 87 87 87 87 87 87 85 85 85 85 85 85 85 85 85 85 88 88 85 85 85 85 85 85 85 85 85 92 90 90 90 90 91 106 107 98 85 85 85 85 85 108 85 85 85 85 85 85 85 85 85 85 85 85 85 85 85 85 85 85 85 85 85 85 85 85 85 85 85 92 90 90 86 86 86 86 86 86 86 86
86 86 86 86 86 86 86 86 86 86 86 90 90 90 90 91 85 92 90 90 90 90 90 90 90 91 85 85 85 85 85 85 85 85 85 85 85 85 85 85 85 85 85 85 85 85 85 92 90 90 90 90 91 98 85 85 85 85 85 85 85 108 85 85 85 85 85 85 85 85 85 85 85 85 85 85 85 85 85 85 85 85 85 85 85 85 85 85 85 92 90 90 86 86 86 86 86 86 86 86
86 86 86 86 86 86 86 86 86 86 86 90 90 90 90 91 85 92 90 90 90 90 90 90 90 91 89 85 85 85 85 85 85 85 85 85 87 87 87 87 87 87 87 87 87 87 85 92 90 90 90 90 91 85 85 85 85 85 85 85 85 108 85 85 85 85 85 85 85 85 85 85 85 85 85 85 85 85 85 85 85 85 85 85 85 85 85 85 85 92 90 90 86 86 86 86 86 86 86 86
86 86 86 86 86 86 86 86 86 86 86 90 90 90 90 91 85 92 90 90 90 90 90 90 90 91 89 85 89 85 85 89 85 98 98 85 92 90 90 90 90 90 90 90 90 91 85 92 90 90 90 90 91 85 85 85 85 98 98 85 85 108 85 85 85 85 85 85 85 85 85 85 85 85 85 85 85 85 85 85 85 85 85 85 85 85 85 85 85 92 90 90 86 86 86 86 86 86 86 86
86 86 86 86 86 86 86 86 86 86 86 90 90 90 90 91 85 92 90 90 90 90 90 90 90 91 89 88 89 98 98 98 98 85 85 85 92 90 90 90 90 90 90 90 90 91 85 92 90 90 90 90 91 110 85 85 85 85 98 103 85 108 116 116 116 116 116 116 116 116 116 116 116 116 116 116 85 85 85 85 85 85 85 85 85 85 85 85 85 92 90 90 86 86 86 86 86 86 86 86
86 86 86 86 86 86 86 86 86 86 86 90 90 90 90 91 85 92 90 90 90 90 90 90 90 91 98 98 98 98 98 98 98 98 98 110 92 90 90 90 90 90 90 90 90 91 85 92 90 90 90 90 91 85 85 85 85 98 85 85 103 108 88 96 96 96 96 96 96 96 96 96 96 96 96 96 96 116 85 85 85 85 85 85 85 85 85 85 85 92 90 90 86 86 86 86 86 86 86 86
86 86 86 86 86 86 86 86 86 86 86 90 90 90 90 91 85 92 90 90 90 90 90 90 90 91 87 87 87 87 87 87 87 87 87 87 92 90 90 90 90 90 90 90 90 91 85 92 90 90 90 90 91 85 98 85 85 85 85 85 85 85 85 96 96 96 96 96 96 96 96 96 96 96 96 96 96 116 85 85 85 85 85 85 85 85 85 85 85 92 90 90 86 86 86 86 86 86 86 86
86 86 86 86 86 86 86 86 86 86 86 90 90 90 90 91 85 92 90 90 90 90 90 90 90 90 90 90 90 90 90 90 90 90 90 90 90 90 90 90 90 90 90 90 90 91 85 92 90 90 90 90 91 87 87 87 87 87 87 87 87 87 88 119 96 96 96 96 96 96 96 96 96 96 96 119 96 116 85 85 85 85 85 85 85 85 85 85 85 92 90 90 86 86 86 86 86 86 86 86
86 86 86 86 86 86 86 86 86 86 86 90 93 94 95 95 85 95 95 95 95 92 90 90 90 90 90 90 90 90 90 90 90 90 90 90 90 90 90 90 90 90 90 90 90 91 85 92 90 90 90 90 91 85 85 85 85 85 85 85 85 85 88 96 96 96 96 96 96 96 96 96 96 96 96 96 96 116 85 85 85 85 85 85 85 85 85 85 85 92 90 90 86 86 86 86 86 86 86 86
86 86 86 86 86 86 86 86 86 86 86 90 91 112 112 85 85 85 88 88 113 92 90 90 90 90 90 90 90 90 90 90 90 90 90 90 90 90 90 90 90 90 90 90 90 91 85 92 90 90 90 90 91 85 85 85 85 85 85 85 85 85 88 96 96 119 96 96 96 96 96 96 96 96 96 96 96 116 85 85 85 85 85 85 85 85 85 85 85 92 90 90 86 86 86 86 86 86 86 86
86 86 86 86 86 86 86 86 86 86 86 90 91 103 113 85 85 85 85 85 112 92 90 90 90 90 90 90 90 90 90 90 90 90 90 90 90 90 90 90 90 90 90 90 90 91 85 92 90 90 90 90 91 85 85 85 85 85 85 85 85 85 88 96 96 96 96 96 96 96 119 96 96 96 96 119 96 116 85 85 85 85 85 85 85 85 85 85 85 92 90 90 86 86 86 86 86 86 86 86
86 86 86 86 86 86 86 86 86 86 86 90 91 112 112 85 85 85 85 85 113 92 90 90 90 90 90 90 90 90 90 90 90 90 90 90 90 90 90 90 90 90 90 90 90 91 85 92 90 90 90 90 91 85 85 85 85 85 85 85 85 85 88 119 96 96 96 96 96 96 96 96 96 96 96 96 96 116 85 85 85 85 85 85 85 85 85 85 85 92 90 90 86 86 86 86 86 86 86 86
86 86 86 86 86 86 86 86 86 86 86 90 91 113 85 85 85 85 85 85 112 92 90 90 90 90 90 90 90 90 90 90 90 90 90 90 90 90 90 90 90 90 90 90 90 91 85 92 90 90 90 90 91 85 85 85 85 85 85 85 85 85 88 96 96 96 96 119 96 96 96 96 96 96 96 96 96 116 85 85 85 85 85 85 85 85 85 85 85 92 90 90 86 86 86 86 86 86 86 86
86 86 86 86 86 86 86 86 86 86 86 90 91 112 85 85 88 88 88 88 113 92 90 90 90 90 90 90 90 90 90 90 90 90 90 90 90 90 90 90 90 90 90 90 90 91 85 92 90 90 90 90 91 85 85 85 85 85 85 85 85 85 88 96 96 96 96 96 96 96 96 96 96 96 96 96 96 116 85 85 85 85 85 85 85 85 85 85 85 92 90 90 86 86 86 86 86 86 86 86
86 86 86 86 86 86 86 86 86 86 86 90 91 87 87 85 87 87 87 87 87 92 90 90 90 90 90 90 90 90 90 90 90 90 90 90 90 90 93 94 95 95 95 95 95 95 85 95 95 95 95 95 95 85 85 85 85 85 85 85 85 85 88 96 96 96 96 96 96 96 96 96 96 96 96 96 96 116 85 85 85 85 85 85 85 85 85 85 85 92 90 90 86 86 86 86 86 86 86 86
86 86 86 86 86 86 86 86 86 86 86 90 90 90 91 85 92 90 90 90 90 90 90 90 90 90 90 90 90 90 90 90 90 90 90 90 90 90 91 85 85 85 85 85 85 85 85 85 85 85 85 85 85 85 85 85 85 85 85 85 85 85 88 96 96 96 96 96 96 96 96 96 96 96 96 96 96 116 85 85 85 85 85 85 85 85 85 85 85 92 90 90 86 86 86 86 86 86 86 86
86 86 86 86 86 86 86 86 86 86 86 90 90 90 91 85 92 90 90 90 90 90 90 90 90 90 90 90 90 90 90 90 90 90 90 90 90 90 91 85 87 87 87 87 87 87 87 87 87 87 87 87 87 85 85 85 85 85 85 85 85 85 88 96 96 96 119 96 96 96 119 96 96 119 96 96 96 116 85 85 85 85 85 85 85 85 85 85 85 92 90 90 86 86 86 86 86 86 86 86
86 86 86 86 86 86 86 86 86 86 86 90 90 90 91 85 92 90 90 90 90 90 90 90 90 90 90 90 90 90 90 90 90 90 90 90 90 90 91 85 92 90 90 90 90 90 90 90 90 90 90 90 91 85 85 85 85 85 85 85 85 85 88 96 96 119 96 96 96 96 96 96 96 96 96 96 96 116 85 85 85 85 85 85 85 85 85 85 85 92 90 90 86 86 86 86 86 86 86 86
86 86 86 86 86 86 86 86 86 86 86 90 90 90 91 85 92 90 90 90 90 90 90 90 90 90 90 90 90 90 90 90 90 90 90 90 90 90 91 85 92 90 90 90 90 90 90 90 90 90 90 90 91 85 85 85 85 85 85 85 85 85 88 88 88 116 116 116 116 116 116 116 116 116 116 116 116 116 85 85 85 85 85 85 85 85 85 85 85 92 90 90 86 86 86 86 86 86 86 86
86 86 86 86 86 86 86 86 86 86 86 90 90 90 91 85 92 90 90 90 90 90 90 90 90 90 93 94 95 95 95 95 95 95 95 95 95 95 95 85 95 95 95 95 95 95 95 95 95 95 95 95 95 87 85 85 85 85 85 85 85 85 85 85 85 85 85 85 85 85 85 85 85 85 85 85 85 85 85 85 85 85 85 85 85 85 85 85 85 92 90 90 86 86 86 86 86 86 86 86
86 86 86 86 86 86 86 86 86 86 86 90 90 90 91 85 92 90 90 90 90 90 90 90 90 90 91 88 88 88 88 88 88 88 88 88 88 88 88 85 88 88 88 88 88 88 88 88 88 88 88 88 92 91 85 85 85 85 85 85 85 85 85 85 85 85 85 85 85 85 85 85 85 85 85 85 85 85 85 85 85 85 85 85 85 85 85 85 85 92 90 90 86 86 86 86 86 86 86 86
86 86 86 86 86 86 86 86 86 86 86 90 90 90 91 85 92 90 90 90 90 90 90 90 90 90 91 88 110 85 85 85 85 85 85 85 85 85 85 85 85 85 85 85 85 85 85 85 85 85 85 88 92 91 85 85 85 85 85 85 85 85 85 85 85 85 85 85 85 85 85 85 85 85 85 85 85 85 85 85 85 85 85 85 85 85 85 85 103 92 90 90 86 86 86 86 86 86 86 86
86 86 86 86 86 86 86 86 86 86 86 90 90 90 91 85 92 90 90 90 90 90 90 90 90 90 91 88 85 85 85 85 85 85 85 85 85 85 85 85 85 85 85 85 85 85 85 85 85 85 85 88 92 91 85 85 85 85 85 85 85 85 85 85 85 85 85 85 85 85 85 85 85 85 85 85 85 85 85 85 85 85 85 85 85 85 85 104 105 92 90 90 86 86 86 86 86 86 86 86
86 86 86 86 86 86 86 86 86 86 86 90 90 90 91 85 92 90 90 90 90 90 90 90 90 90 91 88 85 85 85 85 85 85 85 85 85 85 85 85 85 85 85 85 85 85 85 85 85 85 85 88 92 91 109 85 85 85 85 85 85 85 85 85 85 85 85 85 85 85 85 85 85 85 85 85 85 85 85 85 85 85 85 85 85 85 85 106 107 92 90 90 86 86 86 86 86 86 86 86
86 86 86 86 86 86 86 86 86 86 86 90 90 90 91 85 92 90 90 90 90 90 90 90 90 90 91 88 85 85 85 85 85 85 85 85 85 85 85 85 85 85 85 85 85 85 85 85 85 85 85 88 95 95 87 87 87 87 87 87 87 87 87 87 87 87 87 87 87 87 87 87 87 87 87 87 87 87 87 87 87 87 85 85 87 87 87 87 87 92 90 90 86 86 86 86 86 86 86 86
86 86 86 86 86 86 86 86 86 86 86 90 90 90 91 85 92 90 90 90 90 90 90 90 90 90 91 88 85 85 85 85 85 85 85 85 85 85 85 85 85 85 85 85 85 85 85 85 85 85 85 88 88 88 88 88 88 88 103 109 92 90 90 90 90 90 90 90 90 90 90 90 90 90 90 90 90 90 90 90 90 91 85 85 92 90 90 90 90 90 90 90 86 86 86 86 86 86 86 86
86 86 86 86 86 86 86 86 86 86 86 90 90 90 91 85 92 90 90 90 90 90 90 90 90 90 91 85 85 85 85 85 85 85 85 85 85 85 85 85 85 85 85 85 85 85 85 85 85 85 85 85 85 85 85 85 85 85 85 103 92 90 90 90 90 90 90 90 90 90 90 90 90 90 90 90 90 90 90 90 90 91 85 85 92 90 90 90 90 90 90 90 86 86 86 86 86 86 86 86
86 86 86 86 86 86 86 86 86 86 86 90 90 90 91 85 95 95 95 95 95 95 95 95 95 95 95 85 85 85 85 85 85 85 85 85 85 85 85 85 85 85 85 85 85 85 85 85 85 85 85 85 85 85 85 85 85 85 85 85 92 90 90 90 90 90 90 90 90 90 90 90 90 90 90 90 90 90 90 90 90 91 85 85 92 90 90 91 95 95 95 95 95 95 95 92 86 86 86 86
86 86 86 86 86 86 86 86 86 86 86 90 90 90 91 85 85 85 85 85 85 85 85 85 85 85 85 85 85 85 85 85 85 85 85 85 85 85 85 85 85 85 85 85 85 85 85 85 85 85 85 103 85 85 85 85 85 85 85 85 92 90 90 90 90 90 90 90 90 90 90 90 90 90 90 90 90 90 90 90 90 91 85 85 92 90 90 91 88 85 85 85 85 85 88 92 86 86 86 86
86 86 86 86 86 86 86 86 86 86 86 90 90 90 91 87 87 87 87 87 87 87 87 87 87 87 87 88 85 85 85 85 85 85 85 85 85 85 85 85 85 85 85 85 85 85 85 85 85 85 85 85 85 85 85 85 85 85 85 85 92 90 90 90 90 90 90 90 90 90 90 90 90 90 90 90 90 90 90 90 90 91 85 85 92 90 90 91 85 85 85 85 85 85 85 92 86 86 86 86
86 86 86 86 86 86 86 86 86 86 86 90 90 90 90 90 90 90 90 90 90 90 90 90 90 90 91 88 85 85 85 85 85 85 85 85 85 85 85 85 85 85 85 85 85 85 85 85 85 85 85 85 85 85 85 85 85 85 85 85 92 90 90 90 90 90 90 90 90 90 90 90 90 90 90 90 90 90 90 90 90 91 85 85 95 95 95 95 85 85 96 96 96 85 85 92 86 86 86 86
86 86 86 86 86 86 86 86 86 86 86 90 90 90 90 90 90 90 90 90 90 90 90 90 90 90 91 88 85 85 85 85 85 85 85 85 85 85 85 85 85 85 85 85 85 85 85 85 85 85 85 85 85 85 85 85 85 85 85 85 92 90 90 90 90 90 90 90 90 90 90 90 90 90 90 90 90 90 90 90 90 91 85 85 85 85 85 97 85 85 96 96 96 85 85 92 86 86 86 86
86 86 86 86 86 86 86 86 86 86 86 90 90 93 94 95 95 95 95 95 95 95 95 95 95 95 95 85 85 85 85 85 85 85 85 85 85 85 85 85 85 85 85 85 85 85 85 85 85 85 85 85 85 85 85 85 85 85 85 85 92 90 90 90 90 90 90 90 90 90 90 90 90 90 90 90 90 90 90 90 90 91 85 85 85 85 85 85 85 85 96 96 96 85 85 92 86 86 86 86
86 86 86 86 86 86 86 86 86 86 86 90 90 91 85 85 85 85 85 85 85 85 85 85 85 85 85 85 85 85 85 85 85 85 85 85 85 85 85 85 85 85 85 85 85 85 85 85 85 85 85 85 85 85 85 85 85 85 85 85 92 90 90 90 90 90 90 90 90 90 90 90 90 90 90 90 90 90 90 90 90 91 85 85 85 85 85 97 85 85 96 96 96 85 85 92 86 86 86 86
86 86 86 86 86 86 86 86 86 86 86 90 90 91 85 87 87 87 87 87 87 87 87 87 87 87 87 85 85 85 85 85 85 85 85 85 85 85 85 85 85 85 85 85 85 85 85 85 85 85 85 85 85 85 85 85 85 85 85 85 92 90 90 90 90 90 90 90 90 90 90 90 90 90 90 90 90 90 90 90 90 91 85 85 87 87 87 87 85 85 85 85 85 85 85 92 86 86 86 86
86 86 86 86 86 86 86 86 86 86 86 90 90 91 85 92 90 90 90 90 90 90 90 90 90 90 91 88 103 85 85 85 85 85 85 85 85 85 85 85 85 85 85 85 85 85 85 85 85 85 85 85 85 85 85 85 85 85 85 85 92 90 90 90 90 90 90 90 90 90 90 90 90 90 90 90 90 90 90 90 90 91 85 85 92 90 90 91 88 85 85 85 85 85 88 92 86 86 86 86
86 86 86 86 86 86 86 86 86 86 86 90 90 91 85 92 90 90 90 90 90 90 90 90 90 90 91 88 103 85 85 85 85 85 85 85 85 85 85 85 85 85 85 85 85 85 85 85 85 85 85 85 85 85 85 85 85 85 85 85 92 90 90 90 90 90 90 90 90 90 90 90 90 90 90 90 90 90 90 90 90 91 85 85 92 90 90 91 87 87 87 87 87 87 87 92 86 86 86 86
86 86 86 86 86 86 86 86 86 86 86 90 90 91 85 92 90 90 90 90 90 90 90 90 90 90 91 88 103 85 85 85 85 85 85 85 85 85 85 85 85 85 85 85 85 85 85 85 85 85 85 85 85 85 85 85 85 85 85 85 92 90 90 90 90 90 90 90 90 90 90 90 90 93 94 95 95 95 95 95 95 95 85 85 92 90 90 90 90 90 90 90 86 86 86 86 86 86 86 86
86 86 86 86 86 86 86 86 86 86 86 90 90 91 85 92 90 90 90 90 90 90 90 90 90 90 91 88 103 85 85 85 85 85 85 85 85 85 85 85 85 85 85 85 85 85 85 85 85 85 85 85 85 85 85 85 85 85 85 85 92 90 90 90 90 90 90 90 90 90 90 90 90 91 85 85 85 85 85 85 85 85 85 85 92 90 90 90 90 90 90 90 86 86 86 86 86 86 86 86
86 86 86 86 86 86 86 86 86 86 86 90 90 91 85 92 90 90 90 90 90 90 90 90 90 90 91 88 103 85 85 85 85 85 85 85 85 85 85 85 85 85 85 85 85 85 85 85 85 85 85 85 85 85 85 85 85 85 85 85 92 90 90 90 90 90 90 90 90 90 90 90 90 91 85 85 87 87 87 87 87 87 87 87 92 90 90 90 90 90 90 90 86 86 86 86 86 86 86 86
86 86 86 86 86 86 86 86 86 86 86 90 90 91 85 92 90 90 90 90 90 90 90 90 90 90 91 88 103 85 85 85 85 85 85 85 85 85 85 85 85 85 85 85 85 85 85 85 85 85 85 85 85 85 85 85 85 85 85 85 92 90 90 90 90 90 90 90 90 90 90 90 90 91 85 85 92 90 90 90 90 90 90 90 90 90 90 90 90 90 90 90 86 86 86 86 86 86 86 86
86 86 86 86 86 86 86 86 86 86 86 90 90 91 85 92 90 90 90 90 90 90 90 90 90 90 91 88 103 85 99 100 85 85 85 85 85 85 85 85 85 85 85 85 85 85 85 85 85 85 85 85 85 85 85 85 85 85 85 85 92 90 90 90 90 90 90 90 90 90 90 90 90 91 85 85 92 90 90 90 90 90 90 90 90 90 90 90 90 90 90 90 86 86 86 86 86 86 86 86
86 86 86 86 86 86 86 86 86 86 86 90 90 91 85 92 90 90 90 90 90 90 90 90 90 90 91 88 103 85 101 102 85 85 85 85 85 85 85 85 85 85 85 85 85 85 85 85 85 85 85 85 85 85 85 85 85 85 85 85 92 90 90 90 90 90 90 90 90 90 90 90 90 91 85 85 92 90 90 90 90 90 90 90 90 90 90 90 90 90 90 90 86 86 86 86 86 86 86 86
86 86 86 86 86 86 86 86 86 86 86 90 90 91 85 92 90 90 90 90 90 90 90 90 90 90 91 88 103 85 85 85 85 85 85 85 85 85 85 85 85 85 85 85 85 85 85 85 85 85 85 85 85 85 85 85 85 85 85 85 92 90 90 90 90 90 90 90 90 90 90 90 90 91 85 85 92 90 90 90 90 90 90 90 90 90 90 90 90 90 90 90 86 86 86 86 86 86 86 86
86 86 86 86 86 86 86 86 86 86 86 90 90 91 85 92 90 90 90 90 90 90 90 90 90 90 91 88 103 85 85 85 85 85 85 85 85 85 85 85 85 85 85 85 85 85 85 85 85 85 85 85 85 85 85 85 85 85 85 85 92 90 90 90 90 90 90 90 90 90 90 90 90 91 85 85 92 90 90 90 90 90 90 90 90 90 90 90 90 90 90 90 86 86 86 86 86 86 86 86
86 86 86 86 86 86 86 86 86 86 86 90 90 91 85 92 90 90 90 90 90 90 90 90 90 90 91 88 103 85 85 85 85 85 85 85 85 85 85 85 85 85 85 85 85 85 85 85 85 85 85 85 85 85 85 85 85 85 85 103 92 90 90 90 90 90 90 90 90 93 94 95 95 95 85 85 95 95 95 95 95 95 95 95 95 95 95 95 95 92 90 90 86 86 86 86 86 86 86 86
86 86 86 86 86 86 86 86 86 86 86 90 90 91 85 92 90 90 90 90 90 90 90 90 90 90 91 88 103 103 103 103 103 103 103 103 103 103 103 103 103 103 85 85 103 103 103 103 103 103 103 103 103 103 103 103 103 103 103 111 92 90 90 90 90 90 90 90 90 91 98 85 85 89 85 85 89 85 85 85 85 85 85 85 85 85 98 98 98 92 90 90 86 86 86 86 86 86 86 86
86 86 86 86 86 86 86 86 86 86 86 90 90 91 85 92 90 90 90 90 90 90 90 90 90 90 91 88 88 88 88 88 88 88 88 88 88 88 88 88 88 88 85 85 88 88 88 88 88 88 88 88 88 88 88 88 88 88 88 88 92 90 90 90 90 90 90 90 90 91 85 85 85 85 85 85 85 85 85 85 85 85 85 85 85 85 85 98 98 92 90 90 86 86 86 86 86 86 86 86
86 86 86 86 86 86 86 86 86 86 86 90 90 91 85 92 90 90 90 90 90 90 90 90 90 90 91 87 87 87 87 87 87 87 87 87 87 87 87 87 87 87 85 85 87 87 87 87 87 87 87 87 87 87 87 87 87 87 87 87 92 90 90 90 90 90 90 90 90 91 85 85 85 85 85 85 85 85 85 85 85 85 85 85 85 85 85 99 100 92 90 90 86 86 86 86 86 86 86 86
86 86 86 86 86 86 86 86 86 86 86 90 90 91 85 92 90 90 90 90 90 90 90 90 90 90 90 90 90 90 90 90 90 90 90 90 90 90 90 90 90 91 85 85 92 90 90 90 90 90 90 90 90 90 90 90 90 90 90 90 90 90 90 90 90 90 90 90 90 91 85 85 85 85 85 85 85 85 85 85 85 85 85 85 85 85 85 101 102 92 90 90 86 86 86 86 86 86 86 86
86 86 86 86 86 86 86 86 86 86 86 90 90 91 85 92 90 90 90 90 90 90 90 90 90 90 90 90 90 90 90 90 90 90 90 90 90 90 90 90 90 91 85 85 92 90 90 90 90 90 90 90 90 90 90 90 90 90 90 90 90 90 90 90 90 90 90 90 90 91 85 85 85 85 85 85 85 85 85 85 85 85 85 85 85 85 85 85 85 92 90 90 86 86 86 86 86 86 86 86
86 86 86 86 86 86 86 86 86 86 86 90 90 91 85 92 90 90 90 90 90 90 90 90 90 90 90 90 90 90 90 90 90 90 90 90 90 90 90 90 90 91 85 85 92 90 90 90 90 90 90 90 90 90 90 90 90 90 90 90 90 90 90 90 90 90 90 90 90 91 85 85 85 85 85 85 85 85 85 85 85 85 85 85 85 85 85 85 85 92 90 90 86 86 86 86 86 86 86 86
86 86 86 86 86 86 86 86 86 86 86 90 90 91 85 92 90 90 90 90 90 90 90 90 90 90 90 90 90 90 90 90 90 90 90 90 90 90 90 90 90 91 85 85 92 90 90 90 90 90 90 90 90 90 90 90 90 90 90 90 90 90 90 90 90 90 90 90 90 91 85 85 85 85 85 85 85 85 85 85 85 85 85 85 85 85 85 85 85 92 90 90 86 86 86 86 86 86 86 86
86 86 86 86 86 86 86 86 86 86 86 90 90 91 85 92 90 90 90 90 90 90 90 90 90 90 90 90 90 90 90 93 94 95 95 95 95 95 95 95 95 95 85 85 92 90 90 90 90 90 90 90 90 90 90 90 90 90 90 90 90 90 90 90 90 90 90 90 90 91 85 85 85 85 85 85 85 85 85 85 85 85 85 85 85 98 99 100 98 92 90 90 86 86 86 86 86 86 86 86
86 86 86 86 86 86 86 86 86 86 86 90 90 91 85 92 90 90 90 90 90 90 90 90 90 90 90 90 90 90 90 91 85 85 85 85 85 85 85 85 85 85 85 85 92 90 90 90 90 90 90 90 90 90 90 90 90 90 90 90 90 90 90 90 90 90 90 90 90 91 85 85 85 85 85 85 85 85 85 85 85 85 85 85 85 85 101 102 98 92 90 90 86 86 86 86 86 86 86 86
86 86 86 86 86 86 86 86 86 86 86 90 90 91 85 92 90 90 90 90 90 90 90 90 90 90 90 90 90 90 90 91 85 87 87 87 87 87 87 87 87 87 87 87 92 90 90 90 90 90 90 90 90 90 90 90 90 90 90 90 90 90 90 90 90 90 90 90 90 91 87 87 87 87 87 87 87 87 87 87 85 85 85 87 87 87 87 87 87 92 90 90 86 86 86 86 86 86 86 86
86 86 86 86 86 86 86 86 86 86 86 90 90 91 85 92 90 90 90 90 90 90 90 90 90 90 90 90 90 90 90 91 85 92 90 90 90 90 90 90 90 90 90 90 90 90 90 90 90 90 90 90 90 90 90 90 90 90 90 90 90 90 90 90 90 90 90 90 90 90 90 90 90 90 90 90 90 90 90 91 85 85 85 92 90 90 90 90 90 90 90 90 86 86 86 86 86 86 86 86
86 86 86 86 86 86 86 86 86 86 86 90 90 91 85 92 90 90 90 90 90 90 90 90 90 90 90 90 90 90 90 91 85 92 90 90 90 90 90 90 90 90 90 90 90 90 90 90 90 90 90 90 90 90 90 90 90 90 90 90 90 90 90 90 90 90 90 90 90 90 90 90 90 90 90 90 90 90 90 91 85 85 85 92 90 90 90 90 90 90 90 90 86 86 86 86 86 86 86 86
86 86 86 86 86 86 86 86 86 86 86 90 90 91 85 92 90 90 90 90 90 90 90 90 90 90 90 90 90 90 90 91 85 92 90 90 90 90 90 90 90 90 90 90 90 90 90 90 90 90 90 90 90 90 90 90 90 90 90 90 90 90 90 90 90 90 90 90 90 90 90 90 90 90 90 90 90 90 90 91 85 85 85 92 90 90 90 90 90 90 90 90 86 86 86 86 86 86 86 86
86 86 86 86 86 86 86 86 86 86 86 90 90 91 85 92 90 90 90 90 90 90 90 90 90 90 90 90 90 90 90 91 85 92 90 90 90 90 90 90 90 90 90 90 90 90 90 90 90 90 90 90 90 90 90 90 90 90 90 90 90 90 90 90 90 90 90 90 90 90 90 90 90 90 90 90 90 90 90 91 85 85 85 92 90 90 90 90 90 90 90 90 86 86 86 86 86 86 86 86
86 86 86 86 86 86 86 86 86 86 86 90 90 91 85 92 90 90 90 90 93 94 95 95 95 95 95 95 95 95 95 95 85 95 95 95 95 95 95 95 95 95 95 95 95 95 95 95 95 95 95 95 95 95 95 95 95 92 90 90 90 90 90 90 90 90 90 90 90 90 90 90 90 90 90 90 90 90 90 91 85 85 85 92 90 90 90 90 90 90 90 90 86 86 86 86 86 86 86 86
86 86 86 86 86 86 86 86 86 86 86 90 90 91 85 92 90 90 90 90 91 115 115 115 115 115 115 115 115 115 115 85 85 85 115 115 115 115 115 115 115 115 115 115 115 115 115 115 115 115 115 115 115 115 115 115 115 92 90 90 90 90 90 90 90 90 90 90 90 90 90 90 90 90 93 94 95 95 95 95 85 85 85 95 95 95 92 90 90 90 90 90 86 86 86 86 86 86 86 86
86 86 86 86 86 86 86 86 86 86 86 90 90 91 85 92 90 90 90 90 91 115 115 115 115 115 115 115 115 115 115 115 85 85 115 85 85 85 85 85 85 85 85 85 85 85 85 85 85 85 85 85 85 85 85 115 115 92 90 90 90 90 90 90 90 90 90 90 90 90 90 90 90 90 91 89 89 89 89 89 85 85 85 89 89 89 92 90 90 90 90 90 86 86 86 86 86 86 86 86
86 86 86 86 86 86 86 86 86 86 86 90 90 91 85 92 90 90 90 90 91 115 115 115 85 85 85 85 85 85 85 85 85 85 85 85 85 85 85 85 85 85 85 85 85 85 85 85 85 85 85 85 85 85 85 115 115 92 90 90 90 90 90 90 90 90 90 91 95 95 95 95 95 95 95 85 85 85 85 85 85 85 85 85 85 89 92 90 90 90 90 90 86 86 86 86 86 86 86 86
86 86 86 86 86 86 86 86 86 86 86 90 90 91 85 92 90 90 90 90 91 115 115 115 85 85 85 85 85 85 85 85 85 85 85 85 85 85 85 85 85 85 85 85 85 85 85 85 85 85 85 85 85 85 85 115 115 92 90 90 90 90 90 90 90 90 91 95 85 85 85 85 85 85 85 85 85 85 85 85 85 85 85 85 85 89 92 90 90 90 90 90 86 86 86 86 86 86 86 86
86 86 86 86 86 86 86 86 86 86 86 90 90 91 85 95 95 95 95 95 95 85 85 85 85 85 85 85 85 85 85 85 85 85 85 85 85 85 85 85 85 85 85 85 85 104 105 85 85 85 85 85 85 85 115 115 115 92 90 90 90 90 90 91 95 95 95 85 85 85 85 85 85 85 85 85 85 85 85 85 85 85 85 85 85 89 92 90 90 90 90 90 86 86 86 86 86 86 86 86
86 86 86 86 86 86 86 86 86 86 86 90 90 91 85 85 85 85 85 85 85 85 85 85 85 85 85 85 85 85 85 85 85 108 117 117 117 117 117 117 117 117 117 118 85 106 107 85 85 85 85 85 85 85 85 115 115 92 90 90 90 90 90 91 85 85 85 85 87 87 87 87 87 87 87 85 85 85 85 85 85 85 85 85 87 87 92 90 90 90 90 90 86 86 86 86 86 86 86 86
86 86 86 86 86 86 86 86 86 86 86 90 90 91 87 87 87 87 85 87 87 115 85 85 85 85 85 85 85 85 85 85 85 108 114 114 114 114 114 114 114 114 114 118 115 85 85 85 85 85 85 85 85 85 85 115 115 92 90 90 90 90 90 91 85 87 87 87 92 90 90 90 90 90 91 85 85 85 85 85 85 85 85 85 92 90 90 90 90 90 90 90 86 86 86 86 86 86 86 86
86 86 86 86 86 86 86 86 86 86 86 90 90 90 90 90 90 91 85 92 91 115 115 115 115 115 115 115 115 115 85 85 85 108 114 114 114 114 114 114 114 114 114 118 115 85 85 85 85 85 85 85 85 85 85 115 115 92 90 90 90 90 90 91 85 92 90 90 90 90 90 90 90 90 91 89 89 85 85 85 85 85 85 89 92 90 90 90 90 90 90 90 86 86 86 86 86 86 86 86
86 86 86 86 86 86 86 86 86 86 86 90 90 90 90 90 90 91 85 92 91 115 104 105 85 115 115 115 115 115 115 115 115 108 114 114 114 114 114 114 114 114 114 118 115 85 85 85 85 85 85 85 85 85 85 115 115 92 90 93 94 95 95 95 85 92 90 90 90 90 90 90 90 90 91 89 85 85 85 85 85 85 85 89 92 90 90 90 90 90 90 90 86 86 86 86 86 86 86 86
86 86 86 86 86 86 86 86 86 86 86 90 90 90 90 90 90 91 85 92 91 115 106 107 85 115 85 85 85 85 85 85 85 108 114 114 114 114 114 114 114 114 114 118 115 85 85 85 85 85 85 85 85 85 85 115 115 92 90 91 85 85 85 85 85 92 90 90 90 90 90 90 90 90 91 87 87 89 85 85 85 85 85 89 92 90 90 90 90 90 90 90 86 86 86 86 86 86 86 86
86 86 86 86 86 86 86 86 86 86 86 90 90 90 90 90 90 91 85 92 91 115 85 85 85 85 115 115 115 85 85 85 85 108 114 114 114 114 114 114 114 114 114 118 115 115 115 115 115 115 115 115 115 115 115 115 115 92 90 91 85 87 87 87 87 92 90 90 90 90 90 90 90 90 90 90 91 88 89 85 85 85 89 88 92 90 90 90 90 90 90 90 86 86 86 86 86 86 86 86
86 86 86 86 86 86 86 86 86 86 86 95 95 95 95 95 95 95 85 95 95 115 85 85 85 85 85 85 85 85 85 85 85 108 114 114 114 114 114 114 114 114 114 118 85 85 85 85 85 85 85 115 115 115 115 115 115 92 90 91 85 92 90 90 90 90 90 90 90 90 90 90 90 90 90 90 91 87 87 87 85 87 87 87 92 90 90 90 90 90 90 90 86 86 86 86 86 86 86 86
86 86 86 86 86 86 86 86 86 86 86 85 85 85 85 85 85 85 85 85 85 85 85 85 85 85 85 85 85 115 85 85 85 108 114 114 114 114 114 114 114 114 114 118 115 85 85 85 85 85 85 85 85 85 85 85 85 95 95 95 85 92 90 90 90 90 90 90 90 90 90 90 90 90 90 90 90 90 90 91 85 92 90 90 90 90 90 90 90 90 90 90 86 86 86 86 86 86 86 86
86 86 86 86 86 86 86 86 86 86 86 85 85 85 85 85 85 85 85 85 85 85 85 85 85 85 85 85 85 115 85 85 85 108 114 114 114 114 114 114 114 114 114 118 115 115 115 115 115 115 115 115 115 115 115 85 85 85 85 85 85 92 90 90 90 90 90 90 90 90 90 90 90 90 90 93 94 95 95 95 85 95 95 95 92 90 90 90 90 90 90 90 86 86 86 86 86 86 86 86
86 86 86 86 86 86 86 86 86 86 86 87 87 87 87 87 87 87 85 87 87 115 85 85 85 85 85 85 85 85 85 85 85 108 114 114 114 114 114 114 114 114 114 118 115 115 115 115 115 115 115 115 115 115 115 115 115 115 115 115 115 92 90 90 90 90 90 90 90 90 90 90 90 90 90 91 103 103 85 85 85 85 103 103 92 90 90 90 90 90 90 90 86 86 86 86 86 86 86 86
86 86 86 86 86 86 86 86 86 86 86 90 90 90 90 90 90 91 85 92 91 115 85 85 85 85 115 115 85 85 85 85 85 108 114 114 114 114 114 114 114 114 114 118 115 115 115 115 115 115 115 115 115 115 115 115 115 87 87 87 87 92 90 90 90 90 90 90 90 90 90 90 90 90 90 91 103 85 85 99 100 85 85 103 92 90 90 90 90 90 90 90 86 86 86 86 86 86 86 86
86 86 86 86 86 86 86 86 86 86 86 90 90 90 90 90 90 91 85 92 91 115 115 115 115 115 115 85 85 85 85 85 85 108 114 114 114 114 114 114 114 114 114 118 115 115 115 115 115 115 115 115 115 115 115 115 115 87 90 90 90 90 90 90 90 90 90 90 90 90 90 90 90 90 90 91 103 85 85 101 102 85 85 103 92 90 90 90 90 90 90 90 86 86 86 86 86 86 86 86
86 86 86 86 86 86 86 86 86 86 86 90 90 90 90 90 90 91 85 92 91 112 112 112 113 112 115 85 85 85 85 85 85 108 114 114 114 114 114 114 114 114 114 118 115 115 115 115 115 115 115 115 115 115 115 115 109 87 90 90 90 90 90 90 90 90 90 90 90 90 90 90 90 90 90 91 103 103 85 85 103 85 103 103 92 90 90 90 90 90 90 90 86 86 86 86 86 86 86 86
86 86 86 86 86 86 86 86 86 86 86 90 90 90 90 90 90 91 85 95 95 87 87 87 87 87 87 87 87 87 87 87 87 87 87 87 87 87 87 87 87 87 87 87 87 87 87 87 87 87 87 87 87 87 87 87 87 87 90 90 90 90 90 90 90 90 90 90 90 90 90 90 90 90 90 91 87 87 87 87 87 87 87 87 92 90 90 90 90 90 90 90 86 86 86 86 86 86 86 86
86 86 86 86 86 86 86 86 86 86 86 85 95 95 95 95 95 95 85 92 90 90 90 90 90 90 90 90 90 90 90 90 90 90 90 90 90 90 90 90 90 90 90 90 90 90 90 90 90 90 90 90 90 90 90 90 90 90 90 90 90 90 90 90 90 90 90 90 90 90 90 90 90 90 90 90 90 90 90 90 90 90 90 90 90 90 90 90 90 90 90 90 86 86 86 86 86 86 86 86
86 86 86 86 86 86 86 86 86 86 86 85 85 85 85 85 85 85 85 92 90 90 90 90 90 90 90 90 90 90 90 90 90 90 90 90 90 90 90 90 90 90 90 90 90 90 90 90 90 90 90 90 90 90 90 90 90 90 90 90 90 90 90 90 90 90 90 90 90 90 90 90 90 90 90 90 90 90 90 90 90 90 90 90 90 90 90 90 90 90 90 90 86 86 86 86 86 86 86 86
86 86 86 86 86 86 86 86 86 86 86 85 87 87 87 87 87 87 87 92 90 90 90 90 90 90 90 90 90 90 90 90 90 90 90 90 90 90 90 90 90 90 90 90 90 90 90 90 90 90 90 90 90 90 90 90 90 90 90 90 90 90 90 90 90 90 90 90 90 90 90 90 90 90 90 90 90 90 90 90 90 90 90 90 90 90 90 90 90 90 90 90 86 86 86 86 86 86 86 86
86 86 86 86 86 86 86 86 86 86 86 86 86 86 86 86 86 86 86 86 86 86 86 86 86 86 86 86 86 86 86 86 86 86 86 86 86 86 86 86 86 86 86 86 86 86 86 86 86 86 86 86 86 86 86 86 86 86 86 86 86 86 86 86 86 86 86 86 86 86 86 86 86 86 86 86 86 86 86 86 86 86 86 86 86 86 86 86 86 86 86 86 86 86 86 86 86 86 86 86
86 86 86 86 86 86 86 86 86 86 86 86 86 86 86 86 86 86 86 86 86 86 86 86 86 86 86 86 86 86 86 86 86 86 86 86 86 86 86 86 86 86 86 86 86 86 86 86 86 86 86 86 86 86 86 86 86 86 86 86 86 86 86 86 86 86 86 86 86 86 86 86 86 86 86 86 86 86 86 86 86 86 86 86 86 86 86 86 86 86 86 86 86 86 86 86 86 86 86 86
86 86 86 86 86 86 86 86 86 86 86 86 86 86 86 86 86 86 86 86 86 86 86 86 86 86 86 86 86 86 86 86 86 86 86 86 86 86 86 86 86 86 86 86 86 86 86 86 86 86 86 86 86 86 86 86 86 86 86 86 86 86 86 86 86 86 86 86 86 86 86 86 86 86 86 86 86 86 86 86 86 86 86 86 86 86 86 86 86 86 86 86 86 86 86 86 86 86 86 86
86 86 86 86 86 86 86 86 86 86 86 86 86 86 86 86 86 86 86 86 86 86 86 86 86 86 86 86 86 86 86 86 86 86 86 86 86 86 86 86 86 86 86 86 86 86 86 86 86 86 86 86 86 86 86 86 86 86 86 86 86 86 86 86 86 86 86 86 86 86 86 86 86 86 86 86 86 86 86 86 86 86 86 86 86 86 86 86 86 86 86 86 86 86 86 86 86 86 86 86
86 86 86 86 86 86 86 86 86 86 86 86 86 86 86 86 86 86 86 86 86 86 86 86 86 86 86 86 86 86 86 86 86 86 86 86 86 86 86 86 86 86 86 86 86 86 86 86 86 86 86 86 86 86 86 86 86 86 86 86 86 86 86 86 86 86 86 86 86 86 86 86 86 86 86 86 86 86 86 86 86 86 86 86 86 86 86 86 86 86 86 86 86 86 86 86 86 86 86 86