31 31 31 31 31 31 31 31 31 31 31 31 31 31 31 31 31 31 31 31 31 31 31 31 31 31 31 31 31 31 31 31 31 31 31 31 31 31 31 31 31 31 31 31 31 31 31 31 31 31 31 31 31 31 31 31 31 31 31 31 31 31 31 31 31 31 31 31 31 31 31 31 31 31 31 31 31 31 31 31 31 31 31 31 31 31 31 31 31 31 31 31 31 31 31 31 31 31 31 31
31 31 31 31 31 31 31 31 31 31 31 31 31 31 31 31 31 31 31 31 31 31 31 31 31 31 31 31 31 31 31 31 31 31 31 31 31 31 31 31 31 31 31 31 31 31 31 31 31 31 31 31 31 31 31 31 31 31 31 31 31 31 31 31 31 31 31 31 31 31 31 31 31 31 31 31 31 31 31 31 31 31 31 31 31 31 31 31 31 31 31 31 31 31 31 31 31 31 31 31
31 31 31 31 31 31 31 31 31 31 31 31 31 31 31 31 31 31 31 31 31 31 31 31 31 31 31 31 31 31 31 31 31 31 31 31 31 31 31 31 31 31 31 31 31 31 31 31 31 31 31 31 31 31 31 31 31 31 31 31 31 31 31 31 31 31 31 31 31 31 31 31 31 31 31 31 31 31 31 31 31 31 31 31 31 31 31 31 31 31 31 31 31 31 31 31 31 31 31 31
31 31 31 31 31 31 31 31 31 31 31 31 31 31 31 31 31 31 31 31 31 31 31 31 31 31 31 31 31 31 31 31 31 31 31 31 31 31 31 31 31 31 31 31 31 31 31 31 31 31 31 31 31 31 31 31 31 31 31 31 31 31 31 31 31 31 31 31 31 31 31 31 31 31 31 31 31 31 31 31 31 31 31 31 31 31 31 31 31 31 31 31 31 31 31 31 31 31 31 31
31 31 31 31 31 31 31 31 31 31 31 31 31 31 31 31 31 31 31 31 31 31 31 31 31 31 31 31 31 31 31 31 31 31 31 31 31 31 31 31 31 31 31 31 31 31 31 31 31 31 31 31 31 31 31 31 31 31 31 31 31 31 31 31 31 31 31 31 31 31 31 31 31 31 31 31 31 31 31 31 31 31 31 31 31 31 31 31 31 31 31 31 31 31 31 31 31 31 31 31
31 31 31 31 31 31 31 31 31 31 31 31 31 31 31 31 31 31 31 31 31 31 31 31 31 31 31 31 31 31 31 31 31 31 31 31 31 31 31 31 31 31 31 31 31 31 31 31 31 31 31 31 31 31 31 31 31 31 31 31 31 31 31 31 31 31 31 31 31 31 31 31 31 31 31 31 31 31 31 31 31 31 31 31 31 31 31 31 31 31 31 31 31 31 31 31 31 31 31 31
31 31 31 31 31 31 31 31 30 30 30 30 30 30 30 30 30 30 30 30 30 30 30 30 30 30 30 30 30 30 30 30 30 30 30 30 30 30 30 30 30 30 30 30 30 30 30 30 30 30 30 30 30 30 30 30 30 30 30 30 30 30 30 30 30 30 30 30 30 30 30 30 30 30 30 30 30 30 30 30 30 30 30 30 30 30 30 30 30 30 30 30 31 31 31 31 31 31 31 31
31 31 31 31 31 31 31 31 30 30 30 30 30 30 30 30 30 30 30 30 30 30 30 30 30 30 30 30 30 30 30 30 30 30 30 30 30 30 30 30 30 30 30 30 30 30 30 30 30 30 30 30 30 30 30 30 30 30 30 30 30 30 30 30 30 30 30 30 30 30 30 30 30 30 30 30 30 30 30 30 30 30 30 30 30 30 30 30 30 30 30 30 31 31 31 31 31 31 31 31
31 31 31 31 31 31 31 31 30 31 21 25 25 25 25 25 25 25 25 25 25 25 25 25 23 66 67 66 67 66 67 66 67 66 67 66 67 66 67 66 67 66 67 66 67 66 67 66 67 66 67 66 67 66 67 66 67 66 67 66 67 66 67 66 67 66 67 66 67 31 31 31 31 31 31 31 31 31 31 31 31 31 31 31 31 31 31 31 31 31 31 30 31 31 31 31 31 31 31 31
31 31 31 31 31 31 31 31 30 31 26 33 34 70 70 70 70 70 70 70 70 70 33 34 26 68 69 68 69 68 69 68 69 68 69 68 69 68 69 68 69 68 69 68 69 68 69 68 69 68 69 68 69 68 69 68 69 68 69 68 69 68 69 68 69 68 69 68 69 31 21 25 25 25 25 25 25 25 25 25 25 25 23 33 34 33 34 33 34 33 34 30 31 31 31 31 31 31 31 31
31 31 31 31 31 31 31 31 30 31 26 35 36 70 70 70 70 70 70 70 70 70 35 36 26 66 67 66 67 66 67 66 67 66 67 66 67 66 67 66 67 66 67 66 67 66 67 66 67 66 67 66 67 66 67 66 67 66 67 66 67 66 67 66 67 66 67 66 67 31 26 31 31 31 31 31 31 31 31 31 58 59 26 35 36 35 36 35 36 35 36 30 31 31 31 31 31 31 31 31
31 31 31 31 31 31 31 31 30 31 26 70 31 31 31 31 31 31 31 31 31 31 31 70 26 68 69 68 69 68 69 68 69 68 69 68 69 68 69 68 69 68 69 68 69 68 69 68 69 68 69 68 69 68 69 68 69 68 69 68 69 68 69 68 69 68 69 68 69 31 26 31 31 31 31 31 31 31 31 31 60 61 26 33 34 33 34 33 34 33 34 30 31 31 31 31 31 31 31 31
31 31 31 31 31 31 31 31 30 31 26 70 31 31 31 31 31 31 31 31 31 31 31 70 26 32 32 32 32 32 32 32 32 32 32 32 32 32 32 32 32 32 32 32 32 32 32 66 67 66 67 66 67 66 67 66 67 66 67 66 67 66 67 66 67 66 67 66 67 31 26 31 31 70 70 70 70 70 70 31 31 31 26 35 36 35 36 35 36 35 36 30 31 31 31 31 31 31 31 31
31 31 31 31 31 31 31 31 30 31 26 70 31 31 31 31 31 31 31 31 31 31 31 70 26 32 32 32 32 32 32 32 32 32 32 32 32 32 32 32 32 32 32 32 32 32 32 68 69 68 69 68 69 68 69 68 69 68 69 68 69 68 69 68 69 68 69 68 69 31 26 31 31 70 42 43 44 45 70 31 31 31 26 33 34 33 34 33 34 33 34 30 31 31 31 31 31 31 31 31
31 31 31 31 31 31 31 31 30 31 26 31 31 31 31 31 31 31 31 31 31 31 31 70 26 66 67 66 67 66 67 66 67 66 67 66 67 66 67 66 67 66 67 66 67 32 32 32 32 32 32 32 32 32 32 32 32 32 32 32 32 32 32 32 32 32 32 32 32 32 26 31 31 70 46 47 48 49 70 31 31 31 26 35 36 35 36 35 36 35 36 30 31 31 31 31 31 31 31 31
31 31 31 31 31 31 31 31 30 31 26 31 31 31 31 31 31 31 31 31 31 31 31 70 26 68 69 68 69 68 69 68 69 68 69 68 69 68 69 68 69 68 69 68 69 32 32 32 32 32 32 32 32 32 32 32 32 32 32 32 32 32 32 32 32 32 32 32 32 32 32 31 31 70 50 51 52 53 70 31 31 31 26 33 34 33 34 33 34 33 34 30 31 31 31 31 31 31 31 31
31 31 31 31 31 31 31 31 30 31 26 31 31 31 31 31 31 31 31 31 31 31 31 70 26 66 67 66 67 66 67 66 67 66 67 66 67 66 67 66 67 66 67 66 67 58 59 58 59 32 32 58 59 58 59 58 59 58 59 31 32 32 33 34 33 34 33 34 33 34 26 31 31 70 54 55 56 57 70 31 31 31 26 35 36 35 36 35 36 35 36 30 31 31 31 31 31 31 31 31
31 31 31 31 31 31 31 31 30 31 26 70 31 31 31 31 31 31 31 31 31 31 31 70 26 68 69 68 69 68 69 68 69 68 69 68 69 68 69 68 69 68 69 68 69 60 61 60 61 32 32 60 61 60 61 60 61 60 61 31 32 32 35 36 35 36 35 36 35 36 26 31 31 70 70 70 70 70 70 31 31 31 26 33 34 33 34 33 34 33 34 30 31 31 31 31 31 31 31 31
31 31 31 31 31 31 31 31 30 31 26 70 31 31 31 31 31 31 31 31 31 31 31 70 26 66 67 66 67 66 67 66 67 66 67 66 67 66 67 66 67 66 67 66 67 21 25 25 25 32 32 25 25 23 31 31 31 31 31 31 32 32 33 34 33 34 33 34 33 34 26 31 31 31 31 31 31 31 31 31 31 31 26 35 36 35 36 35 36 35 36 30 31 31 31 31 31 31 31 31
31 31 31 31 31 31 31 31 30 31 26 70 31 31 31 31 31 31 31 31 31 31 31 70 26 68 69 68 69 68 69 68 69 68 69 68 69 68 69 68 69 68 69 68 69 26 66 67 31 31 31 66 67 26 58 59 58 59 58 59 32 32 35 36 35 36 35 36 35 36 26 58 59 31 31 31 31 31 31 31 58 59 26 33 34 33 34 33 34 33 34 30 31 31 31 31 31 31 31 31
31 31 31 31 31 31 31 31 30 31 26 70 31 31 31 31 31 31 31 31 31 31 31 70 26 66 67 66 67 66 67 66 67 66 67 66 67 66 67 66 67 66 67 66 67 26 68 69 31 31 31 68 69 26 60 61 60 61 60 61 32 32 33 34 33 34 33 34 33 34 26 60 61 31 31 31 31 31 31 31 60 61 26 35 36 35 36 35 36 35 36 30 31 31 31 31 31 31 31 31
31 31 31 31 31 31 31 31 30 31 26 70 31 31 31 31 31 31 31 31 31 31 31 70 26 68 69 68 69 68 69 68 69 68 69 68 69 68 69 68 69 68 69 68 69 26 31 31 31 31 31 31 31 32 32 32 32 32 32 32 32 32 35 36 35 36 35 36 35 36 22 25 25 25 25 25 25 25 32 32 25 25 24 70 70 70 70 70 70 70 70 30 31 31 31 31 31 31 31 31
31 31 31 31 31 31 31 31 30 31 26 70 31 31 31 31 31 31 31 31 31 31 31 70 26 66 67 66 67 66 67 66 67 66 67 66 67 66 67 66 67 66 67 66 67 26 31 31 31 31 31 31 31 32 32 32 32 32 32 32 32 32 31 31 31 31 31 31 33 34 33 34 33 34 33 34 33 34 32 32 70 70 70 70 70 70 70 70 70 70 70 30 31 31 31 31 31 31 31 31
31 31 31 31 31 31 31 31 30 31 26 33 34 70 70 70 31 31 70 70 70 70 33 34 26 68 69 68 69 68 69 68 69 68 69 68 69 68 69 68 69 68 69 68 69 26 31 31 31 31 31 31 31 26 70 70 70 70 70 70 32 32 31 42 43 44 45 31 35 36 35 36 35 36 35 36 35 36 32 32 70 70 70 70 42 43 44 45 70 70 70 30 31 31 31 31 31 31 31 31
31 31 31 31 31 31 31 31 30 31 26 35 36 70 70 70 31 31 70 70 70 70 35 36 26 66 67 66 67 66 67 66 67 66 67 66 67 66 67 66 67 66 67 66 67 26 66 67 31 31 31 66 67 26 70 42 43 44 45 70 32 32 31 46 47 48 49 31 33 34 33 34 33 34 33 34 33 34 32 32 70 70 70 70 46 47 48 49 70 70 70 30 31 31 31 31 31 31 31 31
31 31 31 31 31 31 31 31 30 31 22 25 25 25 25 25 25 32 25 25 25 25 25 25 24 68 69 68 69 68 69 68 69 68 69 68 69 68 69 68 69 68 69 68 69 26 68 69 31 31 31 68 69 26 70 46 47 48 49 70 32 32 31 50 51 52 53 31 35 36 35 36 35 36 35 36 35 36 32 32 70 70 70 70 50 51 52 53 70 70 70 30 31 31 31 31 31 31 31 31
31 31 31 31 31 31 31 31 30 31 33 34 33 34 33 34 32 32 66 67 66 67 66 67 31 66 67 66 67 66 67 66 67 66 67 66 67 66 67 66 67 66 67 66 67 22 25 25 25 25 25 25 25 24 70 50 51 52 53 70 32 32 31 54 55 56 57 31 33 34 33 34 33 34 33 34 33 34 32 32 70 70 70 70 54 55 56 57 70 70 70 30 31 31 31 31 31 31 31 31
31 31 31 31 31 31 31 31 30 31 35 36 35 36 35 36 32 32 68 69 68 69 68 69 31 68 69 68 69 68 69 68 69 68 69 68 69 68 69 68 69 68 69 68 69 70 70 70 70 70 70 70 70 70 70 54 55 56 57 70 32 32 33 34 33 34 33 34 35 36 35 36 35 36 35 36 35 36 32 32 70 70 70 70 70 70 70 70 70 70 70 30 31 31 31 31 31 31 31 31
31 31 31 31 31 31 31 31 30 31 33 34 33 34 33 34 32 32 31 31 31 31 31 31 31 31 31 31 31 31 31 31 31 31 31 31 31 31 31 31 31 31 31 31 31 31 31 31 31 31 31 31 31 31 31 31 31 31 31 31 32 32 35 36 35 36 35 36 33 34 33 34 33 34 33 34 33 34 32 32 70 70 70 70 70 70 70 70 70 70 70 30 31 31 31 31 31 31 31 31
31 31 31 31 31 31 31 31 30 31 35 36 35 36 35 36 32 32 32 32 32 32 32 32 32 32 32 32 32 32 32 32 31 31 31 31 31 31 31 31 31 31 31 31 31 31 31 31 31 31 31 31 31 31 31 31 31 31 31 31 32 32 33 34 33 34 33 34 35 36 35 36 35 36 35 36 35 36 32 32 70 70 70 70 70 70 70 70 70 70 70 30 31 31 31 31 31 31 31 31
31 31 31 31 31 31 31 31 30 31 33 34 33 34 31 31 32 32 32 32 32 32 32 32 32 32 32 32 32 32 32 32 32 32 32 32 32 32 32 32 32 32 32 32 32 32 32 32 32 32 32 32 32 32 32 32 32 32 32 32 32 32 35 36 35 36 35 36 33 34 33 34 42 43 44 45 33 34 32 32 70 42 43 44 45 70 70 70 70 70 70 30 31 31 31 31 31 31 31 31
31 31 31 31 31 31 31 31 30 31 35 36 35 36 33 34 33 34 33 34 33 34 33 34 33 34 33 34 33 34 32 32 32 32 32 32 32 32 32 32 32 32 32 32 32 32 32 32 32 32 32 32 32 32 32 32 32 32 32 32 32 32 33 34 33 34 33 34 35 36 35 36 46 47 48 49 35 36 32 32 70 46 47 48 49 70 70 70 70 70 70 30 31 31 31 31 31 31 31 31
31 31 31 31 31 31 31 31 30 31 33 34 33 34 35 36 35 36 35 36 35 36 35 36 35 36 35 36 35 36 32 32 62 63 62 63 62 63 62 63 62 63 62 63 62 63 62 63 62 63 31 62 63 32 32 31 33 34 33 34 33 34 35 36 35 36 35 36 33 34 33 34 50 51 52 53 33 34 32 32 70 50 51 52 53 70 70 70 70 70 70 30 31 31 31 31 31 31 31 31
31 31 31 31 31 31 31 31 30 31 35 36 35 36 33 34 33 34 33 34 33 34 33 34 33 34 33 34 33 34 32 32 64 65 64 65 64 65 64 65 64 65 64 65 64 65 64 65 64 65 31 64 65 32 32 31 35 36 35 36 35 36 33 34 33 34 33 34 35 36 35 36 54 55 56 57 35 36 32 32 70 54 55 56 57 70 70 70 70 70 70 30 31 31 31 31 31 31 31 31
31 31 31 31 31 31 31 31 30 31 33 34 33 34 35 36 35 36 35 36 35 36 35 36 35 36 35 36 35 36 32 32 62 63 42 43 44 45 62 63 62 63 62 63 62 63 62 63 62 63 31 62 63 32 32 31 33 34 33 34 33 34 35 36 35 36 35 36 33 34 33 34 33 34 33 34 33 34 32 32 70 70 70 70 70 70 70 70 70 70 70 30 31 31 31 31 31 31 31 31
31 31 31 31 31 31 31 31 30 31 35 36 35 36 33 34 33 34 33 34 33 34 33 34 33 34 33 34 33 34 32 32 64 65 46 47 48 49 64 65 64 65 64 65 64 65 64 65 64 65 31 64 65 32 32 31 35 36 35 36 35 36 33 34 33 34 33 34 35 36 35 36 35 36 35 36 35 36 32 32 70 70 21 25 25 25 25 25 25 25 23 30 31 31 31 31 31 31 31 31
31 31 31 31 31 31 31 31 30 31 33 34 33 34 35 36 35 36 35 36 35 36 35 36 35 36 35 36 35 36 32 32 62 63 50 51 52 53 62 63 62 63 62 63 62 63 62 63 62 63 31 62 63 32 32 31 33 34 33 34 33 34 35 36 35 36 35 36 33 34 33 34 33 34 33 34 33 34 32 32 70 70 26 33 34 70 70 70 33 34 26 30 31 31 31 31 31 31 31 31
31 31 31 31 31 31 31 31 30 31 35 36 35 36 33 34 33 34 33 34 33 34 33 34 33 34 33 34 33 34 32 32 64 65 54 55 56 57 64 65 64 65 64 65 64 65 64 65 64 65 31 64 65 32 32 31 35 36 35 36 35 36 31 31 31 31 31 31 35 36 35 36 35 36 35 36 35 36 32 32 70 70 26 35 36 31 31 31 35 36 26 30 31 31 31 31 31 31 31 31
31 31 31 31 31 31 31 31 30 31 33 34 33 34 35 36 35 36 35 36 35 36 35 36 35 36 35 36 35 36 32 32 62 63 62 63 62 63 62 63 62 63 62 63 62 63 62 63 31 42 43 44 45 32 32 31 33 34 33 34 33 34 21 25 25 25 25 25 25 25 25 25 25 25 23 70 33 34 32 32 70 70 26 33 34 31 31 31 33 34 26 30 31 31 31 31 31 31 31 31
31 31 31 31 31 31 31 31 30 31 35 36 35 36 33 34 33 34 33 34 32 32 32 32 32 32 32 32 32 32 32 32 64 65 64 65 64 65 64 65 64 65 64 65 64 65 64 65 31 46 47 48 49 32 32 31 35 36 35 36 35 36 26 62 63 31 31 31 31 31 31 31 62 63 26 70 35 36 32 32 70 70 26 35 36 31 31 31 35 36 26 30 31 31 31 31 31 31 31 31
31 31 31 31 31 31 31 31 30 31 33 34 33 34 35 36 35 36 35 36 32 32 32 32 32 32 32 32 32 32 32 32 62 63 62 63 62 63 62 63 62 63 62 63 62 63 62 63 31 50 51 52 53 32 32 31 33 34 33 34 33 34 26 64 65 31 31 31 31 31 31 31 64 65 26 70 33 34 32 32 70 70 26 33 34 31 31 31 33 34 26 30 31 31 31 31 31 31 31 31
31 31 31 31 31 31 31 31 30 31 35 36 35 36 33 34 33 34 33 34 32 32 62 63 62 63 62 63 62 63 62 63 64 65 64 65 64 65 64 65 64 65 64 65 64 65 64 65 31 54 55 56 57 32 32 31 35 36 35 36 35 36 26 31 31 31 31 31 31 31 31 31 31 31 26 70 35 36 32 32 70 70 26 35 36 31 31 31 35 36 26 30 31 31 31 31 31 31 31 31
31 31 31 31 31 31 31 31 30 31 33 34 33 34 35 36 35 36 35 36 32 32 64 65 64 65 64 65 64 65 64 65 62 63 62 63 70 42 43 44 45 62 63 62 63 62 63 62 63 62 63 62 63 32 32 31 33 34 33 34 33 34 26 31 31 31 70 70 70 70 70 70 31 31 26 70 70 70 32 32 70 70 26 31 31 31 31 31 31 31 26 30 31 31 31 31 31 31 31 31
31 31 31 31 31 31 31 31 30 31 35 36 35 36 33 34 33 34 33 34 32 32 62 63 62 63 62 63 62 63 62 63 64 65 64 65 70 46 47 48 49 64 65 64 65 64 65 64 65 64 65 64 65 32 32 31 35 36 35 36 35 36 26 31 31 31 70 42 43 44 45 70 31 31 32 32 32 32 32 32 32 32 32 31 31 31 31 31 31 31 31 30 31 31 31 31 31 31 31 31
31 31 31 31 31 31 31 31 30 31 33 34 33 34 35 36 35 36 35 36 32 32 64 65 64 65 64 65 64 65 64 65 62 63 62 63 70 50 51 52 53 62 63 62 63 62 63 62 63 62 63 62 63 32 32 31 33 34 33 34 33 34 26 31 31 31 70 46 47 48 49 70 31 31 26 32 32 32 32 32 32 32 26 31 31 31 31 31 31 31 31 30 31 31 31 31 31 31 31 31
31 31 31 31 31 31 31 31 30 31 35 36 35 36 33 34 33 34 33 34 32 32 62 63 62 63 62 63 62 63 62 63 64 65 64 65 70 54 55 56 57 64 65 64 65 64 65 64 65 64 65 64 65 32 32 31 35 36 35 36 35 36 26 31 31 31 70 50 51 52 53 70 31 31 26 70 33 34 33 34 33 34 26 31 31 31 31 31 31 31 26 30 31 31 31 31 31 31 31 31
31 31 31 31 31 31 31 31 30 31 33 34 33 34 35 36 35 36 35 36 32 32 64 65 64 65 64 65 64 65 64 65 62 63 62 63 70 70 70 70 70 62 63 32 32 32 32 32 32 32 32 32 32 32 32 31 33 34 31 31 31 31 26 31 31 31 70 54 55 56 57 70 31 31 26 70 35 36 35 36 35 36 26 33 34 31 31 31 33 34 26 30 31 31 31 31 31 31 31 31
31 31 31 31 31 31 31 31 30 31 35 36 35 36 33 34 33 34 33 34 32 32 62 63 42 43 44 45 62 63 62 63 64 65 64 65 62 63 62 63 27 64 65 32 32 32 32 32 32 32 32 32 32 32 32 31 35 36 32 32 32 32 32 31 31 31 70 70 70 70 70 70 31 31 26 70 33 34 33 34 33 34 26 35 36 31 31 31 35 36 26 30 31 31 31 31 31 31 31 31
31 31 31 31 31 31 31 31 30 31 33 34 33 34 35 36 35 36 35 36 32 32 64 65 46 47 48 49 64 65 64 65 62 63 62 63 64 65 64 65 70 70 70 32 32 31 31 31 31 31 31 66 67 32 32 31 33 34 32 32 32 32 32 31 31 31 31 31 31 31 31 31 31 31 26 70 35 36 35 36 35 36 26 33 34 31 31 31 33 34 26 30 31 31 31 31 31 31 31 31
31 31 31 31 31 31 31 31 30 31 35 36 35 36 33 34 33 34 33 34 32 32 62 63 50 51 52 53 62 63 62 63 64 65 64 65 62 63 62 63 27 21 25 32 32 25 25 25 25 25 23 68 69 32 32 31 35 36 32 32 31 31 26 31 31 31 31 31 31 31 31 31 31 31 26 70 33 34 33 34 33 34 26 35 36 31 31 31 35 36 26 30 31 31 31 31 31 31 31 31
31 31 31 31 31 31 31 31 30 31 33 34 33 34 35 36 35 36 35 36 32 32 64 65 54 55 56 57 64 65 64 65 70 70 70 70 64 65 64 65 70 26 31 31 31 31 31 31 58 59 26 66 67 32 32 31 31 31 32 32 31 31 26 62 63 31 31 31 31 31 31 31 62 63 26 70 35 36 35 36 35 36 26 33 34 31 31 31 33 34 26 30 31 31 31 31 31 31 31 31
31 31 31 31 31 31 31 31 30 31 35 36 35 36 33 34 33 34 33 34 32 32 62 63 62 63 62 63 62 63 62 63 62 63 62 63 62 63 62 63 70 26 31 31 31 31 31 31 60 61 26 68 69 32 32 32 32 32 32 32 31 31 26 64 65 31 31 31 31 31 31 31 64 65 26 70 33 34 33 34 33 34 26 35 36 31 31 31 35 36 26 30 31 31 31 31 31 31 31 31
31 31 31 31 31 31 31 31 30 31 33 34 33 34 35 36 35 36 35 36 32 32 64 65 64 65 64 65 64 65 64 65 64 65 64 65 64 65 64 65 27 26 31 31 31 31 31 31 31 31 26 66 67 32 32 32 32 32 32 32 31 31 22 25 25 25 25 25 25 25 32 32 25 25 24 70 35 36 35 36 35 36 26 33 34 31 31 31 33 34 26 30 31 31 31 31 31 31 31 31
31 31 31 31 31 31 31 31 30 31 35 36 35 36 33 34 33 34 33 34 32 32 32 32 32 32 32 32 32 32 32 32 32 32 32 32 32 32 32 32 32 32 31 31 31 31 31 31 31 31 26 68 69 70 66 67 32 32 62 63 62 63 62 63 62 63 62 63 62 63 32 32 70 70 70 70 33 34 33 34 33 34 26 35 36 70 70 70 35 36 26 30 31 31 31 31 31 31 31 31
31 31 31 31 31 31 31 31 30 31 33 34 33 34 35 36 35 36 35 36 32 32 32 32 32 32 32 32 32 32 32 32 32 32 32 32 32 32 32 32 32 26 31 31 31 31 31 31 31 31 26 66 67 70 68 69 32 32 64 65 64 65 64 65 64 65 64 65 64 65 32 32 33 34 33 34 35 36 35 36 35 36 22 25 25 25 25 25 25 25 24 30 31 31 31 31 31 31 31 31
31 31 31 31 31 31 31 31 30 31 35 36 35 36 33 34 33 34 33 34 32 32 70 70 70 70 70 70 70 70 70 70 70 70 70 70 70 70 70 70 70 26 31 31 31 31 31 31 31 31 26 68 69 70 66 67 32 32 62 63 62 63 62 63 62 63 62 63 62 63 32 32 35 36 35 36 31 31 31 31 31 33 34 33 34 33 34 33 34 33 34 30 31 31 31 31 31 31 31 31
31 31 31 31 31 31 31 31 30 31 33 34 33 34 35 36 35 36 35 36 32 32 70 70 70 70 70 70 70 70 70 70 70 70 70 70 70 70 70 70 70 26 58 59 31 31 31 31 58 59 26 66 67 70 68 69 32 32 64 65 64 65 64 65 64 65 64 65 64 65 32 32 33 34 33 34 33 34 33 34 31 35 36 35 36 35 36 35 36 35 36 30 31 31 31 31 31 31 31 31
31 31 31 31 31 31 31 31 30 31 35 36 35 36 33 34 33 34 33 34 32 32 70 70 70 70 70 70 70 42 43 44 45 70 70 70 70 70 70 70 70 26 60 61 31 31 31 31 60 61 26 68 69 70 66 67 32 32 62 63 62 63 62 63 62 63 62 63 62 63 32 32 35 36 35 36 35 36 35 36 31 31 31 31 31 31 31 33 34 33 34 30 31 31 31 31 31 31 31 31
31 31 31 31 31 31 31 31 30 31 33 34 33 34 35 36 35 36 35 36 32 32 70 42 43 44 45 70 70 46 47 48 49 70 70 70 70 70 70 70 70 22 25 25 25 25 25 25 25 25 24 70 66 67 68 69 32 32 64 65 64 65 64 65 64 65 64 65 64 65 32 32 31 31 31 31 31 31 31 31 31 31 31 31 31 31 31 35 36 35 36 30 31 31 31 31 31 31 31 31
31 31 31 31 31 31 31 31 30 31 35 36 35 36 32 32 32 32 32 32 32 32 70 46 47 48 49 70 70 50 51 52 53 70 70 70 70 70 70 70 70 70 70 58 59 27 70 70 66 67 66 67 68 69 66 67 32 32 62 63 62 63 31 32 32 32 32 32 32 32 32 32 32 32 32 32 32 32 32 32 32 32 32 32 32 32 31 33 34 33 34 30 31 31 31 31 31 31 31 31
31 31 31 31 31 31 31 31 30 31 33 34 33 34 32 32 32 32 32 32 32 32 70 50 51 52 53 70 70 54 55 56 57 70 70 70 70 70 70 70 70 70 70 60 61 70 27 70 68 69 68 69 66 67 68 69 32 32 64 65 64 65 31 32 32 32 32 32 32 32 32 32 32 32 32 32 32 32 32 32 32 32 32 32 32 32 31 35 36 35 36 30 31 31 31 31 31 31 31 31
31 31 31 31 31 31 31 31 30 31 35 36 35 36 32 32 70 70 70 70 70 70 70 54 55 56 57 70 70 70 70 70 70 21 25 25 25 25 25 25 25 25 25 25 25 25 23 70 66 67 66 67 68 69 66 67 32 32 62 63 62 63 31 32 32 66 67 66 67 66 67 66 67 66 67 66 67 31 66 67 32 32 58 59 32 32 31 33 34 33 34 30 31 31 31 31 31 31 31 31
31 31 31 31 31 31 31 31 30 31 33 34 33 34 32 32 70 70 70 70 70 70 70 70 70 70 70 70 70 70 70 70 70 26 27 70 70 70 70 70 70 70 70 70 70 27 26 70 68 69 68 69 66 67 68 69 32 32 64 65 64 65 31 32 32 68 69 68 69 68 69 68 69 68 69 68 69 31 68 69 32 32 60 61 32 32 31 35 36 35 36 30 31 31 31 31 31 31 31 31
31 31 31 31 31 31 31 31 30 31 35 36 35 36 32 32 32 32 32 32 32 32 32 32 32 32 32 32 32 32 32 32 32 32 31 31 31 31 31 31 31 31 31 31 31 70 26 70 66 67 66 67 68 69 66 67 32 32 62 63 62 63 31 32 32 66 67 31 31 31 31 31 31 31 31 31 31 31 66 67 32 32 32 32 32 32 31 33 34 33 34 30 31 31 31 31 31 31 31 31
31 31 31 31 31 31 31 31 30 31 33 34 33 34 32 32 32 32 32 32 32 32 32 32 32 32 32 32 32 32 32 32 32 32 31 31 31 31 31 31 31 31 31 31 31 70 26 70 68 69 68 69 70 70 68 69 32 32 64 65 64 65 31 32 32 68 69 31 58 59 31 31 31 31 31 58 59 31 68 69 32 32 32 32 32 32 31 35 36 35 36 30 31 31 31 31 31 31 31 31
31 31 31 31 31 31 31 31 30 31 35 36 35 36 32 32 33 34 33 34 33 34 33 34 33 34 33 34 33 34 33 34 70 26 70 31 31 31 31 31 31 31 31 31 31 70 26 70 66 67 66 67 66 67 66 67 32 32 62 63 62 63 31 32 32 66 67 31 60 61 42 43 44 45 31 60 61 31 66 67 32 32 66 67 70 70 70 70 70 70 70 30 31 31 31 31 31 31 31 31
31 31 31 31 31 31 31 31 30 31 33 34 33 34 32 32 35 36 35 36 35 36 35 36 35 36 35 36 35 36 35 36 70 26 70 31 31 31 31 31 31 31 31 31 31 70 26 70 68 69 68 69 68 69 68 69 32 32 64 65 64 65 31 32 32 68 69 31 31 31 46 47 48 49 31 31 31 31 68 69 32 32 68 69 42 43 44 45 66 67 70 30 31 31 31 31 31 31 31 31
31 31 31 31 31 31 31 31 30 31 35 36 35 36 32 32 33 34 33 34 33 34 33 34 33 34 33 34 33 34 33 34 70 26 70 31 31 31 31 31 31 31 31 31 31 70 26 70 32 32 32 32 32 32 32 32 32 32 32 32 32 32 32 32 32 66 67 31 58 59 50 51 52 53 31 58 59 31 66 67 32 32 66 67 46 47 48 49 68 69 70 30 31 31 31 31 31 31 31 31
31 31 31 31 31 31 31 31 30 31 33 34 33 34 32 32 35 36 35 36 35 36 35 36 35 36 35 36 35 36 35 36 70 26 27 70 70 70 31 31 70 70 70 70 70 27 26 70 32 32 32 32 32 32 32 32 32 32 32 32 32 32 32 32 32 68 69 31 60 61 54 55 56 57 31 60 61 31 68 69 32 32 68 69 50 51 52 53 66 67 70 30 31 31 31 31 31 31 31 31
31 31 31 31 31 31 31 31 30 31 35 36 35 36 32 32 33 34 33 34 33 34 33 34 33 34 33 34 33 34 33 34 70 22 25 25 25 25 32 32 25 25 25 25 25 25 24 70 32 32 66 67 66 67 66 67 66 67 66 67 66 67 66 67 66 67 66 67 66 67 66 67 66 67 66 67 66 67 66 67 32 32 66 67 54 55 56 57 68 69 70 30 31 31 31 31 31 31 31 31
31 31 31 31 31 31 31 31 30 31 33 34 33 34 32 32 35 36 35 36 35 36 35 36 35 36 35 36 35 36 35 36 33 34 33 34 33 34 32 32 66 67 66 67 66 67 66 67 32 32 68 69 68 69 68 69 68 69 68 69 68 69 68 69 68 69 68 69 68 69 68 69 68 69 68 69 68 69 68 69 32 32 68 69 66 67 66 67 66 67 70 30 31 31 31 31 31 31 31 31
31 31 31 31 31 31 31 31 30 31 35 36 35 36 32 32 33 34 33 34 33 34 33 34 33 34 33 34 33 34 33 34 35 36 35 36 35 36 32 32 68 69 68 69 68 69 68 69 32 32 66 67 66 67 66 67 66 67 66 67 66 67 66 67 66 67 66 67 66 67 66 67 66 67 66 67 66 67 66 67 32 32 66 67 68 69 68 69 68 69 70 30 31 31 31 31 31 31 31 31
31 31 31 31 31 31 31 31 30 31 33 34 33 34 32 32 35 36 35 36 35 36 35 36 35 36 35 36 35 36 35 36 33 34 33 34 33 34 32 32 66 67 66 67 66 67 66 67 32 32 68 69 68 69 68 69 68 69 68 69 68 69 68 69 68 69 68 69 68 69 68 69 68 69 68 69 68 69 68 69 32 32 68 69 70 42 43 44 45 66 67 30 31 31 31 31 31 31 31 31
31 31 31 31 31 31 31 31 30 31 35 36 35 36 32 32 70 70 70 70 70 70 33 34 33 34 33 34 33 34 33 34 35 36 35 36 35 36 32 32 68 69 68 69 68 69 68 69 32 32 66 67 66 67 66 67 66 67 66 67 66 67 66 67 66 67 66 67 66 67 66 67 66 67 66 67 66 67 66 67 32 32 66 67 70 46 47 48 49 68 69 30 31 31 31 31 31 31 31 31
31 31 31 31 31 31 31 31 30 31 33 34 21 25 32 32 25 25 25 25 25 23 35 36 35 36 35 36 35 36 35 36 33 34 33 34 33 34 32 32 66 67 66 67 66 67 66 67 32 32 68 69 68 69 68 69 68 69 68 69 68 69 68 69 68 69 68 69 68 69 68 69 68 69 68 69 68 69 68 69 32 32 68 69 70 50 51 52 53 66 67 30 31 31 31 31 31 31 31 31
31 31 31 31 31 31 31 31 30 31 35 36 26 31 31 31 31 31 31 58 59 26 33 34 33 34 33 34 33 34 33 34 35 36 35 36 35 36 32 32 68 69 68 69 68 69 68 69 32 32 66 67 66 67 66 67 66 67 66 67 66 67 66 67 66 67 66 67 66 67 66 67 66 67 66 67 66 67 66 67 32 32 66 67 70 54 55 56 57 68 69 30 31 31 31 31 31 31 31 31
31 31 31 31 31 31 31 31 30 31 33 34 26 31 31 31 31 31 31 60 61 26 35 36 35 36 35 36 35 36 35 36 33 34 33 34 33 34 32 32 66 67 66 67 66 67 66 67 32 32 68 69 68 69 68 69 68 69 68 69 68 69 68 69 68 69 68 69 68 69 68 69 68 69 68 69 68 69 68 69 32 32 68 69 70 66 67 66 67 66 67 30 31 31 31 31 31 31 31 31
31 31 31 31 31 31 31 31 30 31 35 36 26 70 31 31 31 31 31 31 70 26 33 34 33 34 33 34 33 34 33 34 35 36 35 36 35 36 32 32 68 69 68 69 68 69 68 69 32 32 70 70 70 70 70 70 70 70 70 70 70 70 70 70 70 70 70 70 70 70 70 70 70 70 70 70 70 70 70 70 32 32 70 70 70 68 69 68 69 68 69 30 31 31 31 31 31 31 31 31
31 31 31 31 31 31 31 31 30 31 33 34 26 70 31 31 31 31 31 31 70 26 35 36 35 36 35 36 35 36 35 36 33 34 33 34 33 34 32 32 66 67 66 67 66 67 66 67 32 32 66 67 66 67 66 67 70 42 43 44 45 70 66 67 66 67 66 67 66 67 66 67 70 21 25 25 25 25 25 25 32 32 25 25 25 25 25 25 23 31 31 30 31 31 31 31 31 31 31 31
31 31 31 31 31 31 31 31 30 31 35 36 26 70 31 31 31 31 31 31 70 26 70 70 70 70 70 70 70 70 70 70 35 36 35 36 35 36 32 32 68 69 68 69 68 69 68 69 32 32 68 69 68 69 68 69 70 46 47 48 49 70 68 69 68 69 68 69 68 69 68 69 70 26 33 34 62 63 62 63 31 31 62 63 62 63 33 34 26 33 34 30 31 31 31 31 31 31 31 31
31 31 31 31 31 31 31 31 30 31 33 34 26 70 31 31 31 31 31 31 31 32 32 32 32 32 32 32 32 32 32 32 32 32 32 32 32 32 32 32 31 31 31 21 25 25 25 25 32 32 25 25 25 25 23 70 70 50 51 52 53 70 66 67 66 67 66 67 66 67 66 67 70 26 35 36 64 65 64 65 31 31 64 65 64 65 35 36 26 35 36 30 31 31 31 31 31 31 31 31
31 31 31 31 31 31 31 31 30 31 35 36 26 70 31 31 31 31 31 31 31 32 32 32 32 32 32 32 32 32 32 32 32 32 32 32 32 32 32 32 31 31 31 26 31 31 31 31 31 31 31 31 31 31 26 70 70 54 55 56 57 70 68 69 68 69 68 69 68 69 68 69 70 26 31 31 31 31 31 31 31 31 31 31 31 31 62 63 26 33 34 30 31 31 31 31 31 31 31 31
31 31 31 31 31 31 31 31 30 31 33 34 26 70 31 31 31 31 31 31 70 26 33 34 33 34 33 34 33 34 33 34 33 34 33 34 33 34 32 32 32 32 32 32 31 31 31 31 31 31 31 31 31 31 26 70 70 70 70 70 70 70 66 67 66 67 32 32 32 32 32 32 32 32 31 31 31 31 31 31 31 31 31 31 31 31 64 65 26 35 36 30 31 31 31 31 31 31 31 31
31 31 31 31 31 31 31 31 30 31 35 36 26 70 31 31 31 31 31 31 70 26 35 36 35 36 35 36 35 36 35 36 35 36 35 36 35 36 32 32 32 32 32 32 31 31 31 31 31 31 31 31 31 31 26 70 70 70 70 70 70 70 68 69 68 69 32 32 32 32 32 32 32 32 31 31 31 31 31 31 31 31 31 31 31 31 62 63 26 33 34 30 31 31 31 31 31 31 31 31
31 31 31 31 31 31 31 31 30 31 35 36 26 58 59 31 31 31 31 58 59 26 33 34 33 34 33 34 70 42 43 44 45 70 70 70 70 70 70 70 70 70 70 26 31 31 31 31 31 31 31 31 31 31 32 32 32 32 32 32 32 32 32 70 70 70 32 32 70 70 70 70 70 26 31 31 31 31 31 31 31 31 31 31 31 31 64 65 26 35 36 30 31 31 31 31 31 31 31 31
31 31 31 31 31 31 31 31 30 31 33 34 26 60 61 70 70 70 70 60 61 26 35 36 35 36 35 36 70 46 47 48 49 70 33 34 33 34 33 34 33 34 70 26 31 31 31 70 70 70 70 31 31 31 32 32 32 32 32 32 32 32 32 70 70 70 32 32 70 31 31 31 70 26 33 34 62 63 62 63 62 63 62 63 62 63 33 34 26 33 34 30 31 31 31 31 31 31 31 31
31 31 31 31 31 31 31 31 30 31 35 36 22 25 25 25 25 25 25 25 25 24 33 34 33 34 33 34 70 50 51 52 53 70 35 36 35 36 35 36 35 36 70 26 31 31 31 70 38 39 70 31 31 31 26 70 70 70 70 70 70 32 32 70 70 70 32 32 70 31 31 31 70 26 35 36 64 65 64 65 64 65 64 65 64 65 35 36 26 35 36 30 31 31 31 31 31 31 31 31
31 31 31 31 31 31 31 31 30 31 33 34 33 34 33 34 33 34 33 34 33 34 35 36 35 36 35 36 70 54 55 56 57 70 33 34 33 34 33 34 33 34 70 26 58 59 31 70 40 41 70 31 58 59 26 70 31 31 31 31 70 32 32 70 70 70 32 32 70 31 31 31 70 22 25 25 25 25 25 25 25 25 25 25 25 25 25 25 24 31 31 30 31 31 31 31 31 31 31 31
31 31 31 31 31 31 31 31 30 31 35 36 35 36 35 36 35 36 35 36 35 36 33 34 33 34 33 34 70 70 70 70 70 70 35 36 35 36 35 36 35 36 70 26 60 61 31 70 70 70 70 31 60 61 26 70 31 38 39 31 70 32 32 32 32 32 32 32 70 31 31 31 70 70 70 70 70 70 70 70 70 31 42 43 44 45 31 70 70 70 70 30 31 31 31 31 31 31 31 31
31 31 31 31 31 31 31 31 30 31 33 34 33 34 33 34 33 34 33 34 33 34 35 36 35 36 35 36 33 34 33 34 33 34 33 34 33 34 33 34 33 34 70 22 25 25 25 25 25 25 25 25 25 25 24 70 31 40 41 31 70 32 32 32 32 32 32 32 70 31 31 31 31 70 38 39 70 70 38 39 70 31 46 47 48 49 31 70 38 39 70 30 31 31 31 31 31 31 31 31
31 31 31 31 31 31 31 31 30 31 35 36 35 36 35 36 35 36 35 36 35 36 33 34 33 34 33 34 35 36 35 36 35 36 35 36 35 36 35 36 35 36 70 70 70 70 70 70 70 70 70 70 70 70 70 70 70 70 70 70 70 70 70 70 70 70 70 70 70 31 31 31 31 70 40 41 70 70 40 41 70 31 50 51 52 53 31 70 40 41 70 30 31 31 31 31 31 31 31 31
31 31 31 31 31 31 31 31 30 31 70 70 70 70 70 70 70 70 70 70 70 70 35 36 35 36 35 36 70 70 70 70 70 70 70 70 70 70 70 70 70 70 31 31 31 31 31 31 31 31 31 31 31 31 31 31 31 31 31 31 31 31 31 31 31 31 31 31 31 31 31 31 31 70 70 70 70 70 70 70 70 31 54 55 56 57 31 70 70 70 70 30 31 31 31 31 31 31 31 31
31 31 31 31 31 31 31 31 30 30 30 30 30 30 30 30 30 30 30 30 30 30 30 30 30 30 30 30 30 30 30 30 30 30 30 30 30 30 30 30 30 30 30 30 30 30 30 30 30 30 30 30 30 30 30 30 30 30 30 30 30 30 30 30 30 30 30 30 30 30 30 30 30 30 30 30 30 30 30 30 30 30 30 30 30 30 30 30 30 30 30 30 31 31 31 31 31 31 31 31
31 31 31 31 31 31 31 31 31 31 31 31 31 31 31 31 31 31 31 31 31 31 31 31 31 31 31 31 31 31 31 31 31 31 31 31 31 31 31 31 31 31 31 31 31 31 31 31 31 31 31 31 31 31 31 31 31 31 31 31 31 31 31 31 31 31 31 31 31 31 31 31 31 31 31 31 31 31 31 31 31 31 31 31 31 31 31 31 31 31 31 31 31 31 31 31 31 31 31 31
31 31 31 31 31 31 31 31 31 31 31 31 31 31 31 31 31 31 31 31 31 31 31 31 31 31 31 31 31 31 31 31 31 31 31 31 31 31 31 31 31 31 31 31 31 31 31 31 31 31 31 31 31 31 31 31 31 31 31 31 31 31 31 31 31 31 31 31 31 31 31 31 31 31 31 31 31 31 31 31 31 31 31 31 31 31 31 31 31 31 31 31 31 31 31 31 31 31 31 31
31 31 31 31 31 31 31 31 31 31 31 31 31 31 31 31 31 31 31 31 31 31 31 31 31 31 31 31 31 31 31 31 31 31 31 31 31 31 31 31 31 31 31 31 31 31 31 31 31 31 31 31 31 31 31 31 31 31 31 31 31 31 31 31 31 31 31 31 31 31 31 31 31 31 31 31 31 31 31 31 31 31 31 31 31 31 31 31 31 31 31 31 31 31 31 31 31 31 31 31
31 31 31 31 31 31 31 31 31 31 31 31 31 31 31 31 31 31 31 31 31 31 31 31 31 31 31 31 31 31 31 31 31 31 31 31 31 31 31 31 31 31 31 31 31 31 31 31 31 31 31 31 31 31 31 31 31 31 31 31 31 31 31 31 31 31 31 31 31 31 31 31 31 31 31 31 31 31 31 31 31 31 31 31 31 31 31 31 31 31 31 31 31 31 31 31 31 31 31 31
31 31 31 31 31 31 31 31 31 31 31 31 31 31 31 31 31 31 31 31 31 31 31 31 31 31 31 31 31 31 31 31 31 31 31 31 31 31 31 31 31 31 31 31 31 31 31 31 31 31 31 31 31 31 31 31 31 31 31 31 31 31 31 31 31 31 31 31 31 31 31 31 31 31 31 31 31 31 31 31 31 31 31 31 31 31 31 31 31 31 31 31 31 31 31 31 31 31 31 31
31 31 31 31 31 31 31 31 31 31 31 31 31 31 31 31 31 31 31 31 31 31 31 31 31 31 31 31 31 31 31 31 31 31 31 31 31 31 31 31 31 31 31 31 31 31 31 31 31 31 31 31 31 31 31 31 31 31 31 31 31 31 31 31 31 31 31 31 31 31 31 31 31 31 31 31 31 31 31 31 31 31 31 31 31 31 31 31 31 31 31 31 31 31 31 31 31 31 31 31
31 31 31 31 31 31 31 31 31 31 31 31 31 31 31 31 31 31 31 31 31 31 31 31 31 31 31 31 31 31 31 31 31 31 31 31 31 31 31 31 31 31 31 31 31 31 31 31 31 31 31 31 31 31 31 31 31 31 31 31 31 31 31 31 31 31 31 31 31 31 31 31 31 31 31 31 31 31 31 31 31 31 31 31 31 31 31 31 31 31 31 31 31 31 31 31 31 31 31 31