1 1 1 1 1 1 1 1 1 1 1 1 1 1 1 1 1 1 1 1 1 1 1 1 1 1 1 1 1 1 1 1 1 1 1 1 1 1 1 1 1 1 1 1 1 1 1 1 1 1 1 1 1 1 1 1 1 1 1 1 1 1 1 1 1 1 1 1 1 1 1 1 1 1 1 1 1 1 1 1 1 1 1 1 1 1 1 1 1 1 1 1 1 1 1 1 1 1 1 1
1 1 1 1 1 1 1 1 1 1 1 1 1 1 1 1 1 1 1 1 1 1 1 1 1 1 1 1 1 1 1 1 1 1 1 1 1 1 1 1 1 1 1 1 1 1 1 1 1 1 1 1 1 1 1 1 1 1 1 1 1 1 1 1 1 1 1 1 1 1 1 1 1 1 1 1 1 1 1 1 1 1 1 1 1 1 1 1 1 1 1 1 1 1 1 1 1 1 1 1
1 1 1 1 1 1 1 1 1 1 1 1 1 1 1 1 1 1 1 1 1 1 1 1 1 1 1 1 1 1 1 1 1 1 1 1 1 1 1 1 1 1 1 1 1 1 1 1 1 1 1 1 1 1 1 1 1 1 1 1 1 1 1 1 1 1 1 1 1 1 1 1 1 1 1 1 1 1 1 1 1 1 1 1 1 1 1 1 1 1 1 1 1 1 1 1 1 1 1 1
1 1 1 1 1 1 1 1 1 1 1 1 1 1 1 1 1 1 1 1 1 1 1 1 1 1 1 1 1 1 1 1 1 1 1 1 1 1 1 1 1 1 1 1 1 1 1 1 1 1 1 1 1 1 1 1 1 1 1 1 1 1 1 1 1 1 1 1 1 1 1 1 1 1 1 1 1 1 1 1 1 1 1 1 1 1 1 1 1 1 1 1 1 1 1 1 1 1 1 1
1 1 1 1 1 1 1 1 1 1 1 1 1 1 1 1 1 1 1 1 1 1 1 1 1 1 1 1 1 1 1 1 1 1 1 1 1 1 1 1 1 1 1 1 1 1 1 1 1 1 1 1 1 1 1 1 1 1 1 1 1 1 1 1 1 1 1 1 1 1 1 1 1 1 1 1 1 1 1 1 1 1 1 1 1 1 1 1 1 1 1 1 1 1 1 1 1 1 1 1
1 1 1 1 1 1 1 1 1 1 1 1 1 1 1 1 1 1 1 1 1 1 1 1 1 1 1 1 1 1 1 1 1 1 1 1 1 1 1 1 1 1 1 1 1 1 1 1 1 1 1 1 1 1 1 1 1 1 1 1 1 1 1 1 1 1 1 1 1 1 1 1 1 1 1 1 1 1 1 1 1 1 1 1 1 1 1 1 1 1 1 1 1 1 1 1 1 1 1 1
1 1 1 1 1 1 1 1 1 1 1 5 5 5 5 5 5 5 5 5 5 5 5 5 5 5 5 5 5 5 5 5 5 5 5 5 5 5 5 5 5 5 5 5 5 8 9 10 10 10 10 10 10 10 10 10 10 10 10 10 10 10 10 10 10 10 10 10 10 10 10 10 10 10 10 10 10 10 10 10 10 10 10 10 10 10 10 10 10 7 5 5 1 1 1 1 1 1 1 1
1 1 1 1 1 1 1 1 1 1 1 5 5 5 5 5 5 5 5 5 5 5 5 5 5 8 9 10 10 10 10 10 10 10 10 10 10 10 10 7 5 5 5 5 5 6 0 0 0 0 0 0 0 0 0 0 0 0 0 0 0 0 0 0 0 0 0 0 0 0 0 0 0 0 0 0 0 0 0 0 0 0 0 0 0 0 0 0 0 7 5 5 1 1 1 1 1 1 1 1
1 1 1 1 1 1 1 1 1 1 1 5 5 5 5 5 5 5 5 5 5 5 5 5 5 6 13 13 13 13 13 13 13 13 13 13 13 13 13 7 5 5 5 5 5 6 0 2 2 2 2 2 2 2 2 2 2 2 2 2 2 2 2 2 2 2 2 2 2 2 2 2 2 2 2 2 2 2 2 2 2 2 2 2 2 2 2 0 0 7 5 5 1 1 1 1 1 1 1 1
1 1 1 1 1 1 1 1 1 1 1 5 5 5 5 5 5 5 5 5 5 5 5 5 5 6 4 3 3 0 0 0 0 0 0 0 0 0 0 7 5 5 5 5 5 6 0 7 5 5 5 5 5 5 5 5 5 5 5 5 5 5 5 5 5 5 5 5 5 5 5 5 5 5 5 5 5 5 5 5 5 5 5 5 5 5 6 0 0 7 5 5 1 1 1 1 1 1 1 1
1 1 1 1 1 1 1 1 1 1 1 5 5 5 5 8 9 10 10 10 10 10 10 10 10 10 0 0 0 0 0 0 0 0 0 0 0 0 0 10 10 10 10 10 10 10 0 7 5 5 5 5 8 9 10 10 10 10 10 10 10 10 10 10 10 10 10 10 10 10 10 10 10 10 10 10 10 10 10 10 10 10 10 10 10 10 10 0 0 7 5 5 1 1 1 1 1 1 1 1
1 1 1 1 1 1 1 1 1 1 1 5 5 5 5 6 0 0 0 0 0 0 0 0 0 0 0 0 0 0 0 0 0 0 0 0 0 0 0 0 0 0 0 0 0 0 0 7 5 5 5 5 6 19 20 0 0 0 0 0 0 73 0 0 0 0 0 0 0 0 0 0 0 0 0 0 0 0 0 0 0 0 0 0 0 0 0 0 0 7 5 5 1 1 1 1 1 1 1 1
1 1 1 1 1 1 1 1 1 1 1 5 5 5 5 6 0 2 2 2 2 2 2 2 2 2 0 0 0 0 0 0 0 0 0 0 3 3 0 0 0 0 0 0 0 0 0 7 5 5 5 5 6 71 72 13 0 0 0 0 0 73 0 0 0 0 0 0 0 0 0 0 0 0 0 0 0 0 0 0 0 0 0 0 0 0 0 0 0 7 5 5 1 1 1 1 1 1 1 1
1 1 1 1 1 1 1 1 1 1 1 5 5 5 5 6 0 7 5 5 5 5 5 5 5 6 0 0 0 0 0 0 0 0 0 0 0 0 0 0 0 0 0 0 0 0 0 7 5 5 5 5 6 13 0 0 0 0 0 0 0 73 0 0 0 0 0 0 0 0 0 0 0 0 0 0 0 0 0 0 0 0 0 0 0 0 0 0 0 7 5 5 1 1 1 1 1 1 1 1
1 1 1 1 1 1 1 1 1 1 1 5 5 5 5 6 0 7 5 5 5 5 5 5 5 6 4 0 0 0 0 0 0 0 0 0 2 2 2 2 2 2 2 2 2 2 0 7 5 5 5 5 6 0 0 0 0 0 0 0 0 73 0 0 0 0 0 0 0 0 0 0 0 0 0 0 0 0 0 0 0 0 0 0 0 0 0 0 0 7 5 5 1 1 1 1 1 1 1 1
1 1 1 1 1 1 1 1 1 1 1 5 5 5 5 6 0 7 5 5 5 5 5 5 5 6 4 0 4 0 0 4 0 13 13 0 7 5 5 5 5 5 5 5 5 6 0 7 5 5 5 5 6 0 0 0 0 13 13 0 0 73 0 0 0 0 0 0 0 0 0 0 0 0 0 0 0 0 0 0 0 0 0 0 0 0 0 0 0 7 5 5 1 1 1 1 1 1 1 1
1 1 1 1 1 1 1 1 1 1 1 5 5 5 5 6 0 7 5 5 5 5 5 5 5 6 4 3 4 13 13 13 13 0 0 0 7 5 5 5 5 5 5 5 5 6 0 7 5 5 5 5 6 75 0 0 0 0 13 18 0 73 81 81 81 81 81 81 81 81 81 81 81 81 81 81 0 0 0 0 0 0 0 0 0 0 0 0 0 7 5 5 1 1 1 1 1 1 1 1
1 1 1 1 1 1 1 1 1 1 1 5 5 5 5 6 0 7 5 5 5 5 5 5 5 6 13 13 13 13 13 13 13 13 13 75 7 5 5 5 5 5 5 5 5 6 0 7 5 5 5 5 6 0 0 0 0 13 0 0 18 73 3 11 11 11 11 11 11 11 11 11 11 11 11 11 11 81 0 0 0 0 0 0 0 0 0 0 0 7 5 5 1 1 1 1 1 1 1 1
1 1 1 1 1 1 1 1 1 1 1 5 5 5 5 6 0 7 5 5 5 5 5 5 5 6 2 2 2 2 2 2 2 2 2 2 7 5 5 5 5 5 5 5 5 6 0 7 5 5 5 5 6 0 13 0 0 0 0 0 0 0 0 11 11 11 11 11 11 11 11 11 11 11 11 11 11 81 0 0 0 0 0 0 0 0 0 0 0 7 5 5 1 1 1 1 1 1 1 1
1 1 1 1 1 1 1 1 1 1 1 5 5 5 5 6 0 7 5 5 5 5 5 5 5 5 5 5 5 5 5 5 5 5 5 5 5 5 5 5 5 5 5 5 5 6 0 7 5 5 5 5 6 2 2 2 2 2 2 2 2 2 3 84 11 11 11 11 11 11 11 11 11 11 11 84 11 81 0 0 0 0 0 0 0 0 0 0 0 7 5 5 1 1 1 1 1 1 1 1
1 1 1 1 1 1 1 1 1 1 1 5 8 9 10 10 0 10 10 10 10 7 5 5 5 5 5 5 5 5 5 5 5 5 5 5 5 5 5 5 5 5 5 5 5 6 0 7 5 5 5 5 6 0 0 0 0 0 0 0 0 0 3 11 11 11 11 11 11 11 11 11 11 11 11 11 11 81 0 0 0 0 0 0 0 0 0 0 0 7 5 5 1 1 1 1 1 1 1 1
1 1 1 1 1 1 1 1 1 1 1 5 6 77 77 0 0 0 3 3 78 7 5 5 5 5 5 5 5 5 5 5 5 5 5 5 5 5 5 5 5 5 5 5 5 6 0 7 5 5 5 5 6 0 0 0 0 0 0 0 0 0 3 11 11 84 11 11 11 11 11 11 11 11 11 11 11 81 0 0 0 0 0 0 0 0 0 0 0 7 5 5 1 1 1 1 1 1 1 1
1 1 1 1 1 1 1 1 1 1 1 5 6 18 78 0 0 0 0 0 77 7 5 5 5 5 5 5 5 5 5 5 5 5 5 5 5 5 5 5 5 5 5 5 5 6 0 7 5 5 5 5 6 0 0 0 0 0 0 0 0 0 3 11 11 11 11 11 11 11 84 11 11 11 11 84 11 81 0 0 0 0 0 0 0 0 0 0 0 7 5 5 1 1 1 1 1 1 1 1
1 1 1 1 1 1 1 1 1 1 1 5 6 77 77 0 0 0 0 0 78 7 5 5 5 5 5 5 5 5 5 5 5 5 5 5 5 5 5 5 5 5 5 5 5 6 0 7 5 5 5 5 6 0 0 0 0 0 0 0 0 0 3 84 11 11 11 11 11 11 11 11 11 11 11 11 11 81 0 0 0 0 0 0 0 0 0 0 0 7 5 5 1 1 1 1 1 1 1 1
1 1 1 1 1 1 1 1 1 1 1 5 6 78 0 0 0 0 0 0 77 7 5 5 5 5 5 5 5 5 5 5 5 5 5 5 5 5 5 5 5 5 5 5 5 6 0 7 5 5 5 5 6 0 0 0 0 0 0 0 0 0 3 11 11 11 11 84 11 11 11 11 11 11 11 11 11 81 0 0 0 0 0 0 0 0 0 0 0 7 5 5 1 1 1 1 1 1 1 1
1 1 1 1 1 1 1 1 1 1 1 5 6 77 0 0 3 3 3 3 78 7 5 5 5 5 5 5 5 5 5 5 5 5 5 5 5 5 5 5 5 5 5 5 5 6 0 7 5 5 5 5 6 0 0 0 0 0 0 0 0 0 3 11 11 11 11 11 11 11 11 11 11 11 11 11 11 81 0 0 0 0 0 0 0 0 0 0 0 7 5 5 1 1 1 1 1 1 1 1
1 1 1 1 1 1 1 1 1 1 1 5 6 2 2 0 2 2 2 2 2 7 5 5 5 5 5 5 5 5 5 5 5 5 5 5 5 5 8 9 10 10 10 10 10 10 0 10 10 10 10 10 10 0 0 0 0 0 0 0 0 0 3 11 11 11 11 11 11 11 11 11 11 11 11 11 11 81 0 0 0 0 0 0 0 0 0 0 0 7 5 5 1 1 1 1 1 1 1 1
1 1 1 1 1 1 1 1 1 1 1 5 5 5 6 0 7 5 5 5 5 5 5 5 5 5 5 5 5 5 5 5 5 5 5 5 5 5 6 0 0 0 0 0 0 0 0 0 0 0 0 0 0 0 0 0 0 0 0 0 0 0 3 11 11 11 11 11 11 11 11 11 11 11 11 11 11 81 0 0 0 0 0 0 0 0 0 0 0 7 5 5 1 1 1 1 1 1 1 1
1 1 1 1 1 1 1 1 1 1 1 5 5 5 6 0 7 5 5 5 5 5 5 5 5 5 5 5 5 5 5 5 5 5 5 5 5 5 6 0 2 2 2 2 2 2 2 2 2 2 2 2 2 0 0 0 0 0 0 0 0 0 3 11 11 11 84 11 11 11 84 11 11 84 11 11 11 81 0 0 0 0 0 0 0 0 0 0 0 7 5 5 1 1 1 1 1 1 1 1
1 1 1 1 1 1 1 1 1 1 1 5 5 5 6 0 7 5 5 5 5 5 5 5 5 5 5 5 5 5 5 5 5 5 5 5 5 5 6 0 7 5 5 5 5 5 5 5 5 5 5 5 6 0 0 0 0 0 0 0 0 0 3 11 11 84 11 11 11 11 11 11 11 11 11 11 11 81 0 0 0 0 0 0 0 0 0 0 0 7 5 5 1 1 1 1 1 1 1 1
1 1 1 1 1 1 1 1 1 1 1 5 5 5 6 0 7 5 5 5 5 5 5 5 5 5 5 5 5 5 5 5 5 5 5 5 5 5 6 0 7 5 5 5 5 5 5 5 5 5 5 5 6 0 0 0 0 0 0 0 0 0 3 3 3 81 81 81 81 81 81 81 81 81 81 81 81 81 0 0 0 0 0 0 0 0 0 0 0 7 5 5 1 1 1 1 1 1 1 1
1 1 1 1 1 1 1 1 1 1 1 5 5 5 6 0 7 5 5 5 5 5 5 5 5 5 8 9 10 10 10 10 10 10 10 10 10 10 10 0 10 10 10 10 10 10 10 10 10 10 10 10 10 2 0 0 0 0 0 0 0 0 0 0 0 0 0 0 0 0 0 0 0 0 0 0 0 0 0 0 0 0 0 0 0 0 0 0 0 7 5 5 1 1 1 1 1 1 1 1
1 1 1 1 1 1 1 1 1 1 1 5 5 5 6 0 7 5 5 5 5 5 5 5 5 5 6 3 3 3 3 3 3 3 3 3 3 3 3 0 3 3 3 3 3 3 3 3 3 3 3 3 7 6 0 0 0 0 0 0 0 0 0 0 0 0 0 0 0 0 0 0 0 0 0 0 0 0 0 0 0 0 0 0 0 0 0 0 0 7 5 5 1 1 1 1 1 1 1 1
1 1 1 1 1 1 1 1 1 1 1 5 5 5 6 0 7 5 5 5 5 5 5 5 5 5 6 3 75 0 0 0 0 0 0 0 0 0 0 0 0 0 0 0 0 0 0 0 0 0 0 3 7 6 0 0 0 0 0 0 0 0 0 0 0 0 0 0 0 0 0 0 0 0 0 0 0 0 0 0 0 0 0 0 0 0 0 0 18 7 5 5 1 1 1 1 1 1 1 1
1 1 1 1 1 1 1 1 1 1 1 5 5 5 6 0 7 5 5 5 5 5 5 5 5 5 6 3 0 0 0 0 0 0 0 0 0 0 0 0 0 0 0 0 0 0 0 0 0 0 0 3 7 6 0 0 0 0 0 0 0 0 0 0 0 0 0 0 0 0 0 0 0 0 0 0 0 0 0 0 0 0 0 0 0 0 0 19 20 7 5 5 1 1 1 1 1 1 1 1
1 1 1 1 1 1 1 1 1 1 1 5 5 5 6 0 7 5 5 5 5 5 5 5 5 5 6 3 0 0 0 0 0 0 0 0 0 0 0 0 0 0 0 0 0 0 0 0 0 0 0 3 7 6 74 0 0 0 0 0 0 0 0 0 0 0 0 0 0 0 0 0 0 0 0 0 0 0 0 0 0 0 0 0 0 0 0 71 72 7 5 5 1 1 1 1 1 1 1 1
1 1 1 1 1 1 1 1 1 1 1 5 5 5 6 0 7 5 5 5 5 5 5 5 5 5 6 3 0 0 0 0 0 0 0 0 0 0 0 0 0 0 0 0 0 0 0 0 0 0 0 3 10 10 2 2 2 2 2 2 2 2 2 2 2 2 2 2 2 2 2 2 2 2 2 2 2 2 2 2 2 2 0 0 2 2 2 2 2 7 5 5 1 1 1 1 1 1 1 1
1 1 1 1 1 1 1 1 1 1 1 5 5 5 6 0 7 5 5 5 5 5 5 5 5 5 6 3 0 0 0 0 0 0 0 0 0 0 0 0 0 0 0 0 0 0 0 0 0 0 0 3 3 3 3 3 3 3 18 74 7 5 5 5 5 5 5 5 5 5 5 5 5 5 5 5 5 5 5 5 5 6 0 0 7 5 5 5 5 5 5 5 1 1 1 1 1 1 1 1
1 1 1 1 1 1 1 1 1 1 1 5 5 5 6 0 7 5 5 5 5 5 5 5 5 5 6 0 0 0 0 0 0 0 0 0 0 0 0 0 0 0 0 0 0 0 0 0 0 0 0 0 0 0 0 0 0 0 0 18 7 5 5 5 5 5 5 5 5 5 5 5 5 5 5 5 5 5 5 5 5 6 0 0 7 5 5 5 5 5 5 5 1 1 1 1 1 1 1 1
1 1 1 1 1 1 1 1 1 1 1 5 5 5 6 0 10 10 10 10 10 10 10 10 10 10 10 0 0 0 0 0 0 0 0 0 0 0 0 0 0 0 0 0 0 0 0 0 0 0 0 0 0 0 0 0 0 0 0 0 7 5 5 5 5 5 5 5 5 5 5 5 5 5 5 5 5 5 5 5 5 6 0 0 7 5 5 6 10 10 10 10 10 10 10 7 1 1 1 1
1 1 1 1 1 1 1 1 1 1 1 5 5 5 6 0 0 0 0 0 0 0 0 0 0 0 0 0 0 0 0 0 0 0 0 0 0 0 0 0 0 0 0 0 0 0 0 0 0 0 0 18 0 0 0 0 0 0 0 0 7 5 5 5 5 5 5 5 5 5 5 5 5 5 5 5 5 5 5 5 5 6 0 0 7 5 5 6 3 0 0 0 0 0 3 7 1 1 1 1
1 1 1 1 1 1 1 1 1 1 1 5 5 5 6 2 2 2 2 2 2 2 2 2 2 2 2 3 0 0 0 0 0 0 0 0 0 0 0 0 0 0 0 0 0 0 0 0 0 0 0 0 0 0 0 0 0 0 0 0 7 5 5 5 5 5 5 5 5 5 5 5 5 5 5 5 5 5 5 5 5 6 0 0 7 5 5 6 0 0 0 0 0 0 0 7 1 1 1 1
1 1 1 1 1 1 1 1 1 1 1 5 5 5 5 5 5 5 5 5 5 5 5 5 5 5 6 3 0 0 0 0 0 0 0 0 0 0 0 0 0 0 0 0 0 0 0 0 0 0 0 0 0 0 0 0 0 0 0 0 7 5 5 5 5 5 5 5 5 5 5 5 5 5 5 5 5 5 5 5 5 6 0 0 10 10 10 10 0 0 11 11 11 0 0 7 1 1 1 1
1 1 1 1 1 1 1 1 1 1 1 5 5 5 5 5 5 5 5 5 5 5 5 5 5 5 6 3 0 0 0 0 0 0 0 0 0 0 0 0 0 0 0 0 0 0 0 0 0 0 0 0 0 0 0 0 0 0 0 0 7 5 5 5 5 5 5 5 5 5 5 5 5 5 5 5 5 5 5 5 5 6 0 0 0 0 0 12 0 0 11 11 11 0 0 7 1 1 1 1
1 1 1 1 1 1 1 1 1 1 1 5 5 8 9 10 10 10 10 10 10 10 10 10 10 10 10 0 0 0 0 0 0 0 0 0 0 0 0 0 0 0 0 0 0 0 0 0 0 0 0 0 0 0 0 0 0 0 0 0 7 5 5 5 5 5 5 5 5 5 5 5 5 5 5 5 5 5 5 5 5 6 0 0 0 0 0 0 0 0 11 11 11 0 0 7 1 1 1 1
1 1 1 1 1 1 1 1 1 1 1 5 5 6 0 0 0 0 0 0 0 0 0 0 0 0 0 0 0 0 0 0 0 0 0 0 0 0 0 0 0 0 0 0 0 0 0 0 0 0 0 0 0 0 0 0 0 0 0 0 7 5 5 5 5 5 5 5 5 5 5 5 5 5 5 5 5 5 5 5 5 6 0 0 0 0 0 12 0 0 11 11 11 0 0 7 1 1 1 1
1 1 1 1 1 1 1 1 1 1 1 5 5 6 0 2 2 2 2 2 2 2 2 2 2 2 2 0 0 0 0 0 0 0 0 0 0 0 0 0 0 0 0 0 0 0 0 0 0 0 0 0 0 0 0 0 0 0 0 0 7 5 5 5 5 5 5 5 5 5 5 5 5 5 5 5 5 5 5 5 5 6 0 0 2 2 2 2 0 0 0 0 0 0 0 7 1 1 1 1
1 1 1 1 1 1 1 1 1 1 1 5 5 6 0 7 5 5 5 5 5 5 5 5 5 5 6 3 0 0 0 0 0 0 0 0 0 0 0 0 0 0 0 0 0 0 0 0 0 0 0 0 0 0 0 0 0 0 0 0 7 5 5 5 5 5 5 5 5 5 5 5 5 5 5 5 5 5 5 5 5 6 0 0 7 5 5 6 3 0 0 0 0 0 3 7 1 1 1 1
1 1 1 1 1 1 1 1 1 1 1 5 5 6 0 7 5 5 5 5 5 5 5 5 5 5 6 3 0 0 0 0 0 0 0 0 0 0 0 0 0 0 0 0 0 0 0 0 0 0 0 0 0 0 0 0 0 0 0 0 7 5 5 5 5 5 5 5 5 5 5 5 5 5 5 5 5 5 5 5 5 6 0 0 7 5 5 6 2 2 2 2 2 2 2 7 1 1 1 1
1 1 1 1 1 1 1 1 1 1 1 5 5 6 0 7 5 5 5 5 5 5 5 5 5 5 6 3 0 0 0 0 0 0 0 0 0 0 0 0 0 0 0 0 0 0 0 0 0 0 0 0 0 0 0 0 0 0 0 0 7 5 5 5 5 5 5 5 5 5 5 5 5 8 9 10 10 10 10 10 10 10 0 0 7 5 5 5 5 5 5 5 1 1 1 1 1 1 1 1
1 1 1 1 1 1 1 1 1 1 1 5 5 6 0 7 5 5 5 5 5 5 5 5 5 5 6 3 0 0 0 0 0 0 0 0 0 0 0 0 0 0 0 0 0 0 0 0 0 0 0 0 0 0 0 0 0 0 0 0 7 5 5 5 5 5 5 5 5 5 5 5 5 6 0 0 0 0 0 0 0 0 0 0 7 5 5 5 5 5 5 5 1 1 1 1 1 1 1 1
1 1 1 1 1 1 1 1 1 1 1 5 5 6 0 7 5 5 5 5 5 5 5 5 5 5 6 3 0 0 0 0 0 0 0 0 0 0 0 0 0 0 0 0 0 0 0 0 0 0 0 0 0 0 0 0 0 0 0 0 7 5 5 5 5 5 5 5 5 5 5 5 5 6 0 0 2 2 2 2 2 2 2 2 7 5 5 5 5 5 5 5 1 1 1 1 1 1 1 1
1 1 1 1 1 1 1 1 1 1 1 5 5 6 0 7 5 5 5 5 5 5 5 5 5 5 6 3 0 0 0 0 0 0 0 0 0 0 0 0 0 0 0 0 0 0 0 0 0 0 0 0 0 0 0 0 0 0 0 0 7 5 5 5 5 5 5 5 5 5 5 5 5 6 0 0 7 5 5 5 5 5 5 5 5 5 5 5 5 5 5 5 1 1 1 1 1 1 1 1
1 1 1 1 1 1 1 1 1 1 1 5 5 6 0 7 5 5 5 5 5 5 5 5 5 5 6 3 0 0 0 0 0 0 0 0 0 0 0 0 0 0 0 0 0 0 0 0 0 0 0 0 0 0 0 0 0 0 0 0 7 5 5 5 5 5 5 5 5 5 5 5 5 6 0 0 7 5 5 5 5 5 5 5 5 5 5 5 5 5 5 5 1 1 1 1 1 1 1 1
1 1 1 1 1 1 1 1 1 1 1 5 5 6 0 7 5 5 5 5 5 5 5 5 5 5 6 3 0 0 0 17 0 0 0 0 0 0 0 0 0 0 0 0 0 0 0 0 0 0 0 0 0 0 0 0 0 0 0 0 7 5 5 5 5 5 5 5 5 5 5 5 5 6 0 0 7 5 5 5 5 5 5 5 5 5 5 5 5 5 5 5 1 1 1 1 1 1 1 1
1 1 1 1 1 1 1 1 1 1 1 5 5 6 0 7 5 5 5 5 5 5 5 5 5 5 6 3 0 0 0 0 0 0 0 0 0 0 0 0 0 0 0 0 0 0 0 0 0 0 0 0 0 0 0 0 0 0 0 0 7 5 5 5 5 5 5 5 5 5 5 5 5 6 0 0 7 5 5 5 5 5 5 5 5 5 5 5 5 5 5 5 1 1 1 1 1 1 1 1
1 1 1 1 1 1 1 1 1 1 1 5 5 6 0 7 5 5 5 5 5 5 5 5 5 5 6 3 0 0 0 0 0 0 0 0 0 0 0 0 0 0 0 0 0 0 0 0 0 0 0 0 0 0 0 0 0 0 0 0 7 5 5 5 5 5 5 5 5 5 5 5 5 6 0 0 7 5 5 5 5 5 5 5 5 5 5 5 5 5 5 5 1 1 1 1 1 1 1 1
1 1 1 1 1 1 1 1 1 1 1 5 5 6 0 7 5 5 5 5 5 5 5 5 5 5 6 3 0 0 0 0 0 0 0 0 0 0 0 0 0 0 0 0 0 0 0 0 0 0 0 0 0 0 0 0 0 0 0 18 7 5 5 5 5 5 5 5 5 8 9 10 10 10 0 0 10 10 10 10 10 10 10 10 10 10 10 10 10 7 5 5 1 1 1 1 1 1 1 1
1 1 1 1 1 1 1 1 1 1 1 5 5 6 0 7 5 5 5 5 5 5 5 5 5 5 6 3 0 0 0 0 0 0 0 0 0 0 0 0 0 0 0 0 0 0 0 0 0 0 0 0 0 0 0 0 0 0 18 76 7 5 5 5 5 5 5 5 5 6 13 0 0 4 0 0 4 0 0 0 0 0 0 0 0 0 13 13 13 7 5 5 1 1 1 1 1 1 1 1
1 1 1 1 1 1 1 1 1 1 1 5 5 6 0 7 5 5 5 5 5 5 5 5 5 5 6 3 3 3 3 3 3 3 3 3 3 3 3 3 3 3 0 0 3 3 3 3 3 3 3 3 3 3 3 3 3 3 3 3 7 5 5 5 5 5 5 5 5 6 0 0 0 0 0 0 0 0 0 0 0 0 0 0 0 0 0 13 13 7 5 5 1 1 1 1 1 1 1 1
1 1 1 1 1 1 1 1 1 1 1 5 5 6 0 7 5 5 5 5 5 5 5 5 5 5 6 2 2 2 2 2 2 2 2 2 2 2 2 2 2 2 0 0 2 2 2 2 2 2 2 2 2 2 2 2 2 2 2 2 7 5 5 5 5 5 5 5 5 6 0 0 0 0 0 0 0 0 0 0 0 0 0 0 0 0 0 14 0 7 5 5 1 1 1 1 1 1 1 1
1 1 1 1 1 1 1 1 1 1 1 5 5 6 0 7 5 5 5 5 5 5 5 5 5 5 5 5 5 5 5 5 5 5 5 5 5 5 5 5 5 6 0 0 7 5 5 5 5 5 5 5 5 5 5 5 5 5 5 5 5 5 5 5 5 5 5 5 5 6 0 0 0 0 0 0 0 0 0 0 0 0 0 0 0 0 0 0 0 7 5 5 1 1 1 1 1 1 1 1
1 1 1 1 1 1 1 1 1 1 1 5 5 6 0 7 5 5 5 5 5 5 5 5 5 5 5 5 5 5 5 5 5 5 5 5 5 5 5 5 5 6 0 0 7 5 5 5 5 5 5 5 5 5 5 5 5 5 5 5 5 5 5 5 5 5 5 5 5 6 0 0 0 0 0 0 0 0 0 0 0 0 0 0 0 0 0 0 0 7 5 5 1 1 1 1 1 1 1 1
1 1 1 1 1 1 1 1 1 1 1 5 5 6 0 7 5 5 5 5 5 5 5 5 5 5 5 5 5 5 5 5 5 5 5 5 5 5 5 5 5 6 0 0 7 5 5 5 5 5 5 5 5 5 5 5 5 5 5 5 5 5 5 5 5 5 5 5 5 6 0 0 0 0 0 0 0 0 0 0 0 0 0 0 0 0 0 0 0 7 5 5 1 1 1 1 1 1 1 1
1 1 1 1 1 1 1 1 1 1 1 5 5 6 0 7 5 5 5 5 5 5 5 5 5 5 5 5 5 5 5 5 5 5 5 5 5 5 5 5 5 6 0 0 7 5 5 5 5 5 5 5 5 5 5 5 5 5 5 5 5 5 5 5 5 5 5 5 5 6 0 0 0 0 0 0 0 0 0 0 0 0 0 0 0 0 0 0 0 7 5 5 1 1 1 1 1 1 1 1
1 1 1 1 1 1 1 1 1 1 1 5 5 6 0 7 5 5 5 5 5 5 5 5 5 5 5 5 5 5 5 8 9 10 10 10 10 10 10 10 10 10 0 0 7 5 5 5 5 5 5 5 5 5 5 5 5 5 5 5 5 5 5 5 5 5 5 5 5 6 0 0 0 0 0 0 0 0 0 0 0 0 0 0 0 13 14 13 13 7 5 5 1 1 1 1 1 1 1 1
1 1 1 1 1 1 1 1 1 1 1 5 5 6 0 7 5 5 5 5 5 5 5 5 5 5 5 5 5 5 5 6 0 0 0 0 0 0 0 0 0 0 0 0 7 5 5 5 5 5 5 5 5 5 5 5 5 5 5 5 5 5 5 5 5 5 5 5 5 6 0 0 0 0 0 0 0 0 0 0 0 0 0 0 0 0 0 0 13 7 5 5 1 1 1 1 1 1 1 1
1 1 1 1 1 1 1 1 1 1 1 5 5 6 0 7 5 5 5 5 5 5 5 5 5 5 5 5 5 5 5 6 0 2 2 2 2 2 2 2 2 2 2 2 7 5 5 5 5 5 5 5 5 5 5 5 5 5 5 5 5 5 5 5 5 5 5 5 5 6 2 2 2 2 2 2 2 2 2 2 0 0 0 2 2 2 2 2 2 7 5 5 1 1 1 1 1 1 1 1
1 1 1 1 1 1 1 1 1 1 1 5 5 6 0 7 5 5 5 5 5 5 5 5 5 5 5 5 5 5 5 6 0 7 5 5 5 5 5 5 5 5 5 5 5 5 5 5 5 5 5 5 5 5 5 5 5 5 5 5 5 5 5 5 5 5 5 5 5 5 5 5 5 5 5 5 5 5 5 6 0 0 0 7 5 5 5 5 5 5 5 5 1 1 1 1 1 1 1 1
1 1 1 1 1 1 1 1 1 1 1 5 5 6 0 7 5 5 5 5 5 5 5 5 5 5 5 5 5 5 5 6 0 7 5 5 5 5 5 5 5 5 5 5 5 5 5 5 5 5 5 5 5 5 5 5 5 5 5 5 5 5 5 5 5 5 5 5 5 5 5 5 5 5 5 5 5 5 5 6 0 0 0 7 5 5 5 5 5 5 5 5 1 1 1 1 1 1 1 1
1 1 1 1 1 1 1 1 1 1 1 5 5 6 0 7 5 5 5 5 5 5 5 5 5 5 5 5 5 5 5 6 0 7 5 5 5 5 5 5 5 5 5 5 5 5 5 5 5 5 5 5 5 5 5 5 5 5 5 5 5 5 5 5 5 5 5 5 5 5 5 5 5 5 5 5 5 5 5 6 0 0 0 7 5 5 5 5 5 5 5 5 1 1 1 1 1 1 1 1
1 1 1 1 1 1 1 1 1 1 1 5 5 6 0 7 5 5 5 5 5 5 5 5 5 5 5 5 5 5 5 6 0 7 5 5 5 5 5 5 5 5 5 5 5 5 5 5 5 5 5 5 5 5 5 5 5 5 5 5 5 5 5 5 5 5 5 5 5 5 5 5 5 5 5 5 5 5 5 6 0 0 0 7 5 5 5 5 5 5 5 5 1 1 1 1 1 1 1 1
1 1 1 1 1 1 1 1 1 1 1 5 5 6 0 7 5 5 5 5 8 9 10 10 10 10 10 10 10 10 10 10 0 10 10 10 10 10 10 10 10 10 10 10 10 10 10 10 10 10 10 10 10 10 10 10 10 7 5 5 5 5 5 5 5 5 5 5 5 5 5 5 5 5 5 5 5 5 5 6 0 0 0 7 5 5 5 5 5 5 5 5 1 1 1 1 1 1 1 1
1 1 1 1 1 1 1 1 1 1 1 5 5 6 0 7 5 5 5 5 6 80 80 80 80 80 80 80 80 80 80 0 0 0 80 80 80 80 80 80 80 80 80 80 80 80 80 80 80 80 80 80 80 80 80 80 80 7 5 5 5 5 5 5 5 5 5 5 5 5 5 5 5 5 8 9 10 10 10 10 0 0 0 10 10 10 7 5 5 5 5 5 1 1 1 1 1 1 1 1
1 1 1 1 1 1 1 1 1 1 1 5 5 6 0 7 5 5 5 5 6 80 80 80 80 80 80 80 80 80 80 80 0 0 80 0 0 0 0 0 0 0 0 0 0 0 0 0 0 0 0 0 0 0 0 80 80 7 5 5 5 5 5 5 5 5 5 5 5 5 5 5 5 5 6 4 4 4 4 4 0 0 0 4 4 4 7 5 5 5 5 5 1 1 1 1 1 1 1 1
1 1 1 1 1 1 1 1 1 1 1 5 5 6 0 7 5 5 5 5 6 80 80 80 0 0 0 0 0 0 0 0 0 0 0 0 0 0 0 0 0 0 0 0 0 0 0 0 0 0 0 0 0 0 0 80 80 7 5 5 5 5 5 5 5 5 5 6 10 10 10 10 10 10 10 0 0 0 0 0 0 0 0 0 0 4 7 5 5 5 5 5 1 1 1 1 1 1 1 1
1 1 1 1 1 1 1 1 1 1 1 5 5 6 0 7 5 5 5 5 6 80 80 80 0 0 0 0 0 0 0 0 0 0 0 0 0 0 0 0 0 0 0 0 0 0 0 0 0 0 0 0 0 0 0 80 80 7 5 5 5 5 5 5 5 5 6 10 0 0 0 0 0 0 0 0 0 0 0 0 0 0 0 0 0 4 7 5 5 5 5 5 1 1 1 1 1 1 1 1
1 1 1 1 1 1 1 1 1 1 1 5 5 6 0 10 10 10 10 10 10 0 0 0 0 0 0 0 0 0 0 0 0 0 0 0 0 0 0 0 0 0 0 0 0 19 20 0 0 0 0 0 0 0 80 80 80 7 5 5 5 5 5 6 10 10 10 0 0 0 0 0 0 0 0 0 0 0 0 0 0 0 0 0 0 4 7 5 5 5 5 5 1 1 1 1 1 1 1 1
1 1 1 1 1 1 1 1 1 1 1 5 5 6 0 0 0 0 0 0 0 0 0 0 0 0 0 0 0 0 0 0 0 73 82 82 82 82 82 82 82 82 82 83 0 71 72 0 0 0 0 0 0 0 0 80 80 7 5 5 5 5 5 6 0 0 0 0 2 2 2 2 2 2 2 0 0 0 0 0 0 0 0 0 2 2 7 5 5 5 5 5 1 1 1 1 1 1 1 1
1 1 1 1 1 1 1 1 1 1 1 5 5 6 2 2 2 2 0 2 2 80 0 0 0 0 0 0 0 0 0 0 0 73 79 79 79 79 79 79 79 79 79 83 0 0 0 0 0 0 0 0 0 0 0 80 80 7 5 5 5 5 5 6 0 2 2 2 7 5 5 5 5 5 6 0 0 0 0 0 0 0 0 0 7 5 5 5 5 5 5 5 1 1 1 1 1 1 1 1
1 1 1 1 1 1 1 1 1 1 1 5 5 5 5 5 5 6 0 7 6 80 80 80 80 80 80 80 80 80 0 0 0 73 79 79 79 79 79 79 79 79 79 83 0 0 0 0 0 0 0 0 0 0 0 80 80 7 5 5 5 5 5 6 0 7 5 5 5 5 5 5 5 5 6 4 4 0 0 0 0 0 0 4 7 5 5 5 5 5 5 5 1 1 1 1 1 1 1 1
1 1 1 1 1 1 1 1 1 1 1 5 5 5 5 5 5 6 0 7 6 80 19 20 0 80 80 80 80 80 80 80 80 73 79 79 79 79 79 79 79 79 79 83 80 0 0 0 0 0 0 0 0 0 0 80 80 7 5 8 9 10 10 10 0 7 5 5 5 5 5 5 5 5 6 4 0 0 0 0 0 0 0 4 7 5 5 5 5 5 5 5 1 1 1 1 1 1 1 1
1 1 1 1 1 1 1 1 1 1 1 5 5 5 5 5 5 6 0 7 6 80 71 72 0 80 0 0 0 0 0 0 0 73 79 79 79 79 79 79 79 79 79 83 80 0 0 0 0 0 0 0 0 0 0 80 80 7 5 6 0 0 0 0 0 7 5 5 5 5 5 5 5 5 6 2 2 4 0 0 0 0 0 4 7 5 5 5 5 5 5 5 1 1 1 1 1 1 1 1
1 1 1 1 1 1 1 1 1 1 1 5 5 5 5 5 5 6 0 7 6 80 0 0 0 0 80 80 80 0 0 0 0 73 79 79 79 79 79 79 79 79 79 83 0 0 0 0 80 80 80 80 80 80 80 80 80 7 5 6 0 2 2 2 2 7 5 5 5 5 5 5 5 5 5 5 6 3 4 0 0 0 4 3 7 5 5 5 5 5 5 5 1 1 1 1 1 1 1 1
1 1 1 1 1 1 1 1 1 1 1 10 10 10 10 10 10 10 0 10 10 80 0 0 0 0 0 0 0 0 0 0 0 73 79 79 79 79 79 79 79 79 79 83 0 0 0 0 0 0 0 80 80 80 80 80 80 7 5 6 0 7 5 5 5 5 5 5 5 5 5 5 5 5 5 5 6 2 2 2 0 2 2 2 7 5 5 5 5 5 5 5 1 1 1 1 1 1 1 1
1 1 1 1 1 1 1 1 1 1 1 0 0 0 0 0 0 0 0 0 0 0 0 0 0 0 0 0 0 80 0 0 0 73 79 79 79 79 79 79 79 79 79 83 80 0 0 0 0 0 0 0 0 0 0 0 0 10 10 10 0 7 5 5 5 5 5 5 5 5 5 5 5 5 5 5 5 5 5 6 0 7 5 5 5 5 5 5 5 5 5 5 1 1 1 1 1 1 1 1
1 1 1 1 1 1 1 1 1 1 1 0 0 0 0 0 0 0 0 0 0 0 0 0 0 0 0 0 0 80 0 0 0 73 79 79 79 79 79 79 79 79 79 83 80 80 80 80 80 80 80 80 80 80 80 0 0 0 0 0 0 7 5 5 5 5 5 5 5 5 5 5 5 5 5 8 9 10 10 10 0 10 10 10 7 5 5 5 5 5 5 5 1 1 1 1 1 1 1 1
1 1 1 1 1 1 1 1 1 1 1 2 2 2 2 2 2 2 0 2 2 80 0 0 0 0 0 0 0 0 0 0 0 73 79 79 79 79 79 79 79 79 79 83 80 80 80 80 80 80 80 80 80 80 80 80 80 80 80 80 80 7 5 5 5 5 5 5 5 5 5 5 5 5 5 6 18 18 0 0 0 0 18 18 7 5 5 5 5 5 5 5 1 1 1 1 1 1 1 1
1 1 1 1 1 1 1 1 1 1 1 5 5 5 5 5 5 6 0 7 6 80 0 0 0 0 80 80 80 0 0 0 0 73 79 79 79 79 79 79 79 79 79 83 80 80 80 80 80 80 80 80 80 80 80 80 80 2 2 2 2 7 5 5 5 5 5 5 5 5 5 5 5 5 5 6 18 0 0 14 15 0 0 18 7 5 5 5 5 5 5 5 1 1 1 1 1 1 1 1
1 1 1 1 1 1 1 1 1 1 1 5 5 5 5 5 5 6 0 7 6 80 80 80 80 80 80 0 0 0 0 0 0 73 79 79 79 79 79 79 79 79 79 83 80 80 80 80 80 80 80 80 80 80 80 80 80 2 5 5 5 5 5 5 5 5 5 5 5 5 5 5 5 5 5 6 18 0 0 16 17 0 0 18 7 5 5 5 5 5 5 5 1 1 1 1 1 1 1 1
1 1 1 1 1 1 1 1 1 1 1 5 5 5 5 5 5 6 0 7 6 77 77 77 78 77 80 0 0 0 0 0 0 73 79 79 79 79 79 79 79 79 79 83 80 80 80 80 80 80 80 80 80 80 80 80 74 2 5 5 5 5 5 5 5 5 5 5 5 5 5 5 5 5 5 6 18 18 0 0 18 0 18 18 7 5 5 5 5 5 5 5 1 1 1 1 1 1 1 1
1 1 1 1 1 1 1 1 1 1 1 5 5 5 5 5 5 6 0 10 10 2 2 2 2 2 2 2 2 2 2 2 2 2 2 2 2 2 2 2 2 2 2 2 2 2 2 2 2 2 2 2 2 2 2 2 2 2 5 5 5 5 5 5 5 5 5 5 5 5 5 5 5 5 5 6 2 2 2 2 2 2 2 2 7 5 5 5 5 5 5 5 1 1 1 1 1 1 1 1
1 1 1 1 1 1 1 1 1 1 1 0 10 10 10 10 10 10 0 7 5 5 5 5 5 5 5 5 5 5 5 5 5 5 5 5 5 5 5 5 5 5 5 5 5 5 5 5 5 5 5 5 5 5 5 5 5 5 5 5 5 5 5 5 5 5 5 5 5 5 5 5 5 5 5 5 5 5 5 5 5 5 5 5 5 5 5 5 5 5 5 5 1 1 1 1 1 1 1 1
1 1 1 1 1 1 1 1 1 1 1 0 0 0 0 0 0 0 0 7 5 5 5 5 5 5 5 5 5 5 5 5 5 5 5 5 5 5 5 5 5 5 5 5 5 5 5 5 5 5 5 5 5 5 5 5 5 5 5 5 5 5 5 5 5 5 5 5 5 5 5 5 5 5 5 5 5 5 5 5 5 5 5 5 5 5 5 5 5 5 5 5 1 1 1 1 1 1 1 1
1 1 1 1 1 1 1 1 1 1 1 0 2 2 2 2 2 2 2 7 5 5 5 5 5 5 5 5 5 5 5 5 5 5 5 5 5 5 5 5 5 5 5 5 5 5 5 5 5 5 5 5 5 5 5 5 5 5 5 5 5 5 5 5 5 5 5 5 5 5 5 5 5 5 5 5 5 5 5 5 5 5 5 5 5 5 5 5 5 5 5 5 1 1 1 1 1 1 1 1
1 1 1 1 1 1 1 1 1 1 1 1 1 1 1 1 1 1 1 1 1 1 1 1 1 1 1 1 1 1 1 1 1 1 1 1 1 1 1 1 1 1 1 1 1 1 1 1 1 1 1 1 1 1 1 1 1 1 1 1 1 1 1 1 1 1 1 1 1 1 1 1 1 1 1 1 1 1 1 1 1 1 1 1 1 1 1 1 1 1 1 1 1 1 1 1 1 1 1 1
1 1 1 1 1 1 1 1 1 1 1 1 1 1 1 1 1 1 1 1 1 1 1 1 1 1 1 1 1 1 1 1 1 1 1 1 1 1 1 1 1 1 1 1 1 1 1 1 1 1 1 1 1 1 1 1 1 1 1 1 1 1 1 1 1 1 1 1 1 1 1 1 1 1 1 1 1 1 1 1 1 1 1 1 1 1 1 1 1 1 1 1 1 1 1 1 1 1 1 1
1 1 1 1 1 1 1 1 1 1 1 1 1 1 1 1 1 1 1 1 1 1 1 1 1 1 1 1 1 1 1 1 1 1 1 1 1 1 1 1 1 1 1 1 1 1 1 1 1 1 1 1 1 1 1 1 1 1 1 1 1 1 1 1 1 1 1 1 1 1 1 1 1 1 1 1 1 1 1 1 1 1 1 1 1 1 1 1 1 1 1 1 1 1 1 1 1 1 1 1
1 1 1 1 1 1 1 1 1 1 1 1 1 1 1 1 1 1 1 1 1 1 1 1 1 1 1 1 1 1 1 1 1 1 1 1 1 1 1 1 1 1 1 1 1 1 1 1 1 1 1 1 1 1 1 1 1 1 1 1 1 1 1 1 1 1 1 1 1 1 1 1 1 1 1 1 1 1 1 1 1 1 1 1 1 1 1 1 1 1 1 1 1 1 1 1 1 1 1 1
1 1 1 1 1 1 1 1 1 1 1 1 1 1 1 1 1 1 1 1 1 1 1 1 1 1 1 1 1 1 1 1 1 1 1 1 1 1 1 1 1 1 1 1 1 1 1 1 1 1 1 1 1 1 1 1 1 1 1 1 1 1 1 1 1 1 1 1 1 1 1 1 1 1 1 1 1 1 1 1 1 1 1 1 1 1 1 1 1 1 1 1 1 1 1 1 1 1 1 1
